10000
-9959
8467
-3666
-3500
9169
5724
1478
-642
-3038
-5536
-4295
-1855
-6719
6827
-39
-9509
-7005
1942
-5173
-4564
2391
4604
-6098
-9847
-9708
2382
7421
8716
9718
9895
-4553
-8274
4771
1538
-8131
9912
-4333
-3701
7035
-106
-1297
-6189
1322
333
7673
-5336
5141
-2289
-1747
-3132
-4453
-2356
2662
2757
-9963
2859
-1277
-259
-2471
-9222
2316
-6965
-7810
-8158
-9712
106
-960
-1058
9264
-7352
-2554
-6195
5890
-3271
-5630
5350
5006
1101
-5607
-6452
9629
2623
-5916
9954
8756
1840
-5034
-2624
3931
-3692
6944
2439
-5374
1323
-4463
-8462
6118
-7918
-7071
6541
-5167
1115
-5361
-342
-7296
-70
3977
-7694
1673
-7614
-4979
-1255
-3076
9072
-3730
-4171
-3223
5573
-4903
6512
-6014
3290
-839
8636
-7645
-5233
-6345
5574
-5969
2052
-2650
-8850
6941
-8276
3966
-6570
1107
191
8007
1337
5457
2287
-2247
383
4945
-1091
2209
-242
-5779
8588
-3578
-5054
-2494
3030
6413
-832
-9100
2591
8762
-8345
7410
-3641
-2376
-9463
-8452
-3517
-2405
-5959
-6398
-5650
291
836
-626
1020
-5404
-5979
-2652
-6801
9668
-5516
-1719
-5266
-9947
-8001
-3582
-2062
-3100
-6212
8127
-9533
-6272
4893
-5352
-7517
7807
-7579
4310
-3383
-7187
-486
4309
-2384
8935
7451
-9400
-4751
6519
1556
-7202
303
-3776
1008
-4156
2609
4989
2702
-6805
-9515
-6907
4343
523
-8413
-686
-497
-2552
-4800
3458
-3382
-9420
9796
4798
5281
9589
-9202
-1991
-2843
-9528
-6378
8538
2292
-3962
-5821
8190
-343
-2042
-3809
9815
-7112
9156
1511
6202
-7366
-5728
-9945
-9672
-7354
-3638
-5114
8875
-1567
-131
-9858
-6156
-8584
-8119
1998
322
8651
21
-4301
-6443
-1524
-2108
-5611
-4925
712
-7400
-7490
-8997
-3131
7861
4688
3401
-211
5255
6423
-4998
585
-5818
285
-2912
1426
-1383
-6243
-168
932
-5831
-7846
-4279
7189
9976
1329
-7632
-1308
-8575
555
-6566
6549
-2559
-488
145
8060
-8282
-6247
6139
2423
6279
-4004
6687
2529
-7451
7437
9866
2949
-9807
-6805
-6703
-9584
-1714
6105
-5512
6282
2455
-4266
8114
1701
1316
-9329
-4214
2263
-5687
-5645
1185
-9947
-9088
808
-8168
-9055
-5687
-2244
-1679
9558
-6354
-2018
-9519
-5856
-6804
-9778
-2871
-7839
-4465
-9550
1173
466
2044
-8341
-3708
-3561
7253
-9976
-3846
-490
-5255
-9351
3186
-1687
-5526
-1978
-7832
4018
8787
-95
7958
-2609
202
-6375
-3523
-5586
-686
-4176
-666
-4126
-5628
-9841
1833
-1930
-2513
-1703
-2482
-1823
7773
2270
-8237
-7332
7192
3985
-6898
-1520
-787
-2373
-5198
-5901
527
-7375
-8457
-8076
1023
-28
3061
4181
1003
-2568
7505
-2407
-7275
3031
-1508
-9858
7222
1286
3064
-2100
9187
-1640
-7587
974
4270
-830
-9765
833
9711
-4240
8896
-5333
-2715
2550
-9860
3694
-7305
-8376
-1981
-7875
-3424
-8306
-7342
-3698
7371
-7534
-5322
-7407
-6149
-4516
-8982
-1536
-8881
-6848
-7200
8087
1060
-8074
-990
-5243
2170
-9685
-424
227
2043
-7242
-2836
-4891
-2118
7086
-435
-6513
-423
4474
-7375
-4373
-4371
1928
-4577
-1480
-3098
4962
-9877
-5404
-6263
3261
195
2525
-8736
-1740
-3798
-1884
-4970
-9674
-989
771
-3589
-4453
-8847
-8480
-210
4924
188
-8237
-5060
-9149
8662
3829
900
7713
8958
7578
-1635
3007
1477
-8800
-3942
-3561
-7697
2760
9357
-7676
-3523
-4892
-8887
4887
9801
-7150
4460
-7572
2993
-2616
9405
-3460
1111
-1296
2835
2356
-3928
-650
8823
4485
-9444
-6784
-8374
-643
-1474
3357
-663
-6729
-6131
-639
2896
3022
-383
112
2717
8696
1585
-5959
-5577
-5871
-5771
-5435
-3441
-1068
-7704
-145
2053
6962
-6416
-266
-3346
6972
-8543
4369
-7468
-7037
-7393
-7517
-9089
1635
67
-7152
-5325
2938
-7777
-7858
-6246
-3489
-7259
-9825
-8541
7825
-6779
7870
-8374
1934
5205
1783
-6150
7398
-7721
-7299
2193
2734
-8363
-3466
-4444
-8007
176
-4295
-3038
548
5881
-9700
4413
6641
9855
-5145
3142
1462
-2389
877
-9576
2678
-8248
8443
-1704
2673
40
-687
-9125
-9928
2818
-9390
-8983
4932
-1888
695
3169
-6169
-9960
-3512
-1315
9090
9497
-7411
-4010
5145
9353
9314
8651
-3260
-7956
1258
-9665
-1241
1192
-2395
-4736
2181
-1497
-6171
-6225
-9392
-708
-4003
7549
-444
-4439
1627
-3533
-459
-3871
1240
-2187
-826
-9399
-3923
-9785
-1317
-1787
-6008
-4176
-4399
-6608
5759
-7330
-3572
-1973
-5916
75
8786
5498
-5030
-3713
-6153
2604
-9497
-8779
-7337
-4294
-7637
-990
-7829
-2511
8240
2164
-4458
-2381
-9087
-2409
-3296
1818
-768
-9250
-4795
-5025
-8461
-9697
1422
-8902
1247
3584
3648
-7029
7864
-7087
1075
-8455
-1288
7546
8678
-8231
5262
-1481
3985
-1711
5944
-7135
8540
-6755
-4492
-1682
-2130
-399
-1677
-8868
-5528
-2848
-4913
-1430
-237
-99
7103
4423
-6473
1600
-3031
4015
-4435
-9972
-8457
-4653
-7912
-7057
2637
-7591
-3537
-4951
-5319
-8412
1342
-9392
2060
-8779
-8242
-46
-9112
4146
-9310
-2051
2843
-8570
-4380
-9252
-2933
-5464
-9217
8035
2226
5185
-2962
-147
-4371
1224
5748
9923
-6641
2257
-5234
-5056
4955
-6682
2726
-4589
-8975
-9645
1001
-7451
-504
8584
-485
7964
-6658
-1925
7913
6142
1196
-8052
-4928
-9574
4606
-3827
-5571
2404
-3295
-9374
-188
9375
93
6565
6036
4736
-859
814
-4006
-1744
-3348
-6064
838
-9518
-8645
-8985
-8869
8230
7841
4625
-7989
2637
-5814
9690
-8350
-4338
-8366
893
353
-8584
3452
4008
-2738
-7767
-4546
6303
6634
-3697
4256
-9852
1124
2317
-5787
-2891
-5972
-800
-8920
-8682
6858
-5950
-5845
1361
5264
1903
-6324
-357
-3091
4902
-6439
-1511
-5052
-8718
3653
674
-7780
-4598
-3077
-6169
9369
-6122
-9741
9008
-7381
-6029
3
-8055
-219
-3496
2392
2685
-4687
-3302
-4411
2722
-4062
9037
-3590
1461
-3766
2508
-39
-6041
-3507
-8485
-4731
-5063
-1131
-9942
4700
3971
-3736
5117
6215
-5445
-2185
8330
-6961
212
-712
-1918
-8046
6085
-9290
-5516
-5226
-1620
-185
-4049
-3459
8115
-8321
7110
-4102
-6927
-9212
-6023
8132
-44
-1311
-3887
8
2941
5790
-8277
-8637
-9972
-4816
-5222
-2800
-4929
-8115
-8026
-8929
1333
-7133
-3847
4295
2168
-9175
-324
5629
-1350
-7402
-6691
-5307
-5314
80
116
2249
-3333
-8472
-3321
-2136
-579
-1595
-1174
-3184
-2484
-2274
-1334
-913
-2319
9964
-8660
-4314
-3979
1662
4721
-3936
-691
-9585
7902
-127
7124
-6059
2745
1762
-1577
-2469
-5194
2268
-682
-4398
1907
-5693
-6519
-8988
-8864
-3370
-5886
-3191
-5916
-6444
2290
-8707
-4
-848
-8946
-4655
4708
-9752
-2509
3712
-4869
114
6439
-2042
-5278
-296
-3005
-8948
-4731
-2521
8238
-3577
-2082
866
7659
2498
-1514
-8804
-2538
-3367
2158
2022
-8854
8392
3037
-6075
647
-542
-3398
807
-5902
-2170
-708
4600
-2722
-9201
8352
-9552
3882
-9460
-1685
-5425
-1238
-433
-7664
8397
1418
9897
-4172
3851
-3184
-5770
-5551
6925
-9342
-9771
-5480
940
-440
5147
-4838
-8345
-9325
-9208
-7639
1754
6398
-6854
-1286
-3054
-8812
9569
-1362
-2337
5075
-5485
1521
-9525
5615
-9472
3234
2570
-9095
-536
9557
-1038
4161
524
2549
7469
-9670
1923
-1650
4333
-7075
910
9737
6336
8337
-8722
2393
-2364
714
-1836
1591
9949
9135
-7495
3337
4
6337
-7377
-1336
-30
-4392
568
9281
-2915
-848
8373
-1348
-1806
-124
-6174
-1604
-2428
-3751
4640
-826
8819
-9057
2611
-8059
-9711
-1581
-4435
-6195
-2415
6216
1450
-8385
-7391
1064
-834
6893
6074
3509
300
9695
-427
5589
3161
1172
7968
-2642
-3969
-3732
9426
-1490
422
774
-1221
910
-6448
-5818
-4609
5495
-4236
-9126
-8636
4902
-1745
-5540
-9526
-3028
-3179
-3878
-4453
-8423
-211
-4395
195
-2406
-2050
6343
-9246
-7519
-8988
1672
-6561
3428
-4088
-238
-4033
-5592
-5585
-8092
7223
1759
-3566
-4796
-514
-5681
-9042
-4055
-3194
-1834
8700
1367
7692
-8213
-1468
556
974
-6553
-4979
8283
-3778
-669
-7624
-1417
-3052
2723
7982
-7982
4776
-780
1111
2182
-6144
9490
-1075
-5676
-3514
9677
5969
1643
-2466
5677
-7332
1068
-8009
2196
-2217
6828
-2273
-574
5871
697
7612
8703
1027
1408
-4455
-492
-2815
238
-5763
-3557
-8687
-7499
-1150
-4872
-7889
-6350
-1851
1192
-8546
5869
-9319
-2535
-9733
7713
9793
8634
-4528
-9028
-7170
-5099
-1558
-4823
3877
-4230
-9298
4364
-8619
6590
-1177
-7763
-1977
2179
6595
-9831
-7673
2042
1310
-1818
1058
-2074
-513
-8330
2528
-4349
-7742
-2787
-140
-4217
-8714
-7258
-1390
-5528
-2872
8434
-4159
-9282
-6497
4867
-5135
938
-8119
-743
-7250
-1386
8598
-1542
-7339
-3937
2756
-9193
-9722
9489
9435
-3635
2075
-2414
-8614
-2167
-1640
3330
-3952
-1072
-508
2433
-6160
-3234
-8265
9810
1599
1837
-8108
1982
-2672
-648
1369
1244
-8206
-3392
-748
1647
7432
-465
-2792
-6736
-6503
-6757
-2351
-7985
-3159
-9811
6100
9812
648
-477
9851
-5526
-1367
-109
-2800
9854
-10
-4303
-5081
7780
-7422
2931
2544
-6660
3487
-9101
-7475
-1517
-4462
-2508
-3807
-1748
-4989
-8440
5834
-8160
1497
-7215
8529
1540
8805
-1209
3392
3210
3549
-8422
-3021
971
-723
-9927
-9807
-8380
-8503
3826
1276
9790
-3418
3578
1159
-9582
-3511
-9841
-6551
2924
-928
380
-2992
-2033
208
-3523
8503
5370
2607
4196
2074
3722
2611
9019
-1239
1056
2890
1163
6683
3716
9932
-4548
-7259
-5046
-3187
-7138
396
5460
-9385
904
-7401
-9864
-5320
-802
-2968
4387
2584
-2760
-6483
7006
-1330
-9759
8882
-4751
-6477
1758
2105
-379
7095
-2704
-84
5678
178
3579
-4942
-2423
2750
4007
-6271
-5919
-7005
-7322
-5324
-2247
-9101
1784
5565
-6907
3608
-3828
1243
-71
-2486
168
-4945
1191
-4027
-1078
-3252
-4349
986
-7856
6446
1577
-3483
4629
-84
-4126
5791
5469
-7088
-1854
693
-909
-185
-3051
-3143
-9360
-3948
-9764
-1449
-513
1226
-1838
6955
-6817
-1606
180
6097
-6935
-2935
-7487
-739
2578
-8922
6878
4140
-5389
1947
-7555
-9830
-25
3489
-5250
-3851
-6667
3865
-7786
7282
-2993
-2568
-1104
6367
-1478
-5118
1810
7641
-2769
-7813
-3295
-3521
-3679
-3462
1351
9447
-5792
-354
-7724
-4241
189
422
-2334
-1514
-6545
-7972
-386
-5140
-747
1777
1348
2503
861
-7569
-918
2455
4197
-7894
-1248
5821
7296
-3719
-3979
-5545
5947
-2876
8318
-865
1376
-8226
-141
-5002
2074
-747
-3078
635
-8357
-1112
-1847
3232
-5253
-1320
9926
-4322
-3550
4801
-5039
4199
-9145
-3637
-4284
573
1561
-6755
-3527
-1726
-8450
-5647
-8819
-5713
-7301
8110
8643
7465
-2828
-7471
-19
-7888
3476
-5619
-1753
-3110
6671
-1195
2372
32
-6011
-680
-6835
5431
-342
1293
7206
-3422
6948
-7794
-2829
8166
-6604
6697
1020
-6306
5529
4788
109
7984
1969
-1022
-8383
-5985
6626
-6316
-832
7906
-4072
2097
-1882
-5610
5199
1785
4486
9199
2420
-9290
8271
5813
-2585
-3915
-9682
-6420
-8669
-2733
-1613
3444
-6814
4507
-5640
7827
-1926
-3569
-2848
271
268
-5307
9885
-9663
1311
7604
2677
-9594
-2232
-978
9413
-5000
-9458
7537
38
-8612
-2645
3289
1647
-6819
3093
6584
987
761
-9507
-1783
-499
7482
-553
5665
753
-7896
5084
9095
3525
221
-6036
-8219
-5128
-1894
-6344
-6657
-7407
-2920
6080
4868
-8589
3713
-9032
-6749
-2784
2079
-1232
7040
1531
2933
-6221
-9337
2259
-3347
-2064
-7905
-5635
1874
-2280
-3165
-4320
-1024
8455
-4275
-5929
-5192
3559
-844
-4398
7832
-2095
440
-2625
-8438
-7115
-8038
-8920
-8164
797
1202
508
80
-4660
2076
-942
1493
-2260
-1454
-9526
-5227
9097
-1120
-6665
1072
-6600
-9293
-7045
-9334
-5859
-6412
2481
7168
-1685
9396
6225
-8991
-7988
8136
1455
8762
-4957
-9258
-9979
7922
-5488
-752
-3982
-2632
-6283
-286
7650
3290
-6665
2759
-6831
-8105
-4697
-7360
-8021
-5801
-895
-5209
8661
-1319
-6348
-1247
-5967
2029
5987
-2958
-3747
-9917
1420
5814
2718
2244
1063
-2771
-9348
8864
-5231
470
5005
-8953
-8406
-8513
-5674
-6724
-8677
-3460
-2321
-6010
2588
-5290
-729
7945
-779
-1530
-9817
-6411
-6045
-5022
-5221
-4994
3262
-9865
-6513
-2804
-967
-7912
2935
9779
5993
4790
-5038
8965
1001
9105
1807
-5433
-7331
-6866
2671
-8543
2998
-6455
3597
4218
-1162
4844
-2628
-1437
-8972
-736
-1199
4723
3490
-2396
1601
-5773
1197
-6308
9771
-9637
-699
-7637
-2279
-6435
7421
-6555
8610
-9505
6741
5022
1812
-849
-6985
-1945
-6607
-1262
5279
9882
-8392
2654
-6178
2707
-5755
-8662
-9856
-7710
1339
-6846
-5396
-5377
-7775
-9922
-8276
1981
-7670
-267
-1777
-9406
-870
8846
-5013
-555
8805
-1384
-4250
-9511
-2662
-8037
-1865
4697
2209
-8370
-6776
-8092
-3263
-5526
1920
-2628
293
-6145
-3266
-439
1056
-2394
-1816
-2925
-1618
4119
-3259
432
-5316
2779
2279
8283
-9333
836
-5875
-5882
2737
8028
2119
-9423
737
4091
-9444
-7205
6060
-8099
-1207
-6568
-7864
-5420
4875
-4093
-8816
-1926
-1281
-3210
-9524
41
-6649
-1671
6290
-7026
-6928
-6409
2189
5787
1490
-6761
4893
-6947
7063
681
-4097
-2995
-5824
8479
-8305
-3861
2468
3998
-8917
-6361
-485
-2379
-7
5826
5722
-6162
-5172
2581
-5601
-1022
1891
-8977
-3057
-5166
4243
-2651
-7298
-1293
-9498
-4859
687
-1654
5891
-5363
8413
1400
-7184
1690
3162
-1065
-874
9410
9877
1382
-3740
-2811
-3295
3874
-7337
-9278
2195
-7434
6360
-3962
8588
-2189
-1755
-533
2425
-3133
3189
542
3063
-8453
502
-383
-901
-4977
7226
1203
48
-8949
-8430
-1364
-542
-4033
-1544
-595
1531
-38
-3181
-2025
556
-2469
1495
-1956
591
-3197
-6612
8915
-2550
2319
-3728
-4209
-617
133
-8225
-5358
-6431
8300
7954
2078
-6415
-7743
-4667
-9107
490
103
-5250
7233
722
-5729
9611
8990
338
-8359
-6742
9047
-7648
-342
-9521
-4698
2683
8990
2
5568
-5578
6895
-3865
8008
2361
6742
-7806
-6301
-6812
-9822
-5958
1357
-6059
-8153
-2531
6345
-5620
1913
4964
-4290
-9939
-4615
-9927
-2496
-538
2703
-1898
1069
-4846
-6471
1552
2074
9149
-6270
-7756
844
3049
4118
-5935
-3637
9552
-1227
8470
-269
-3253
-2489
-4131
4398
498
-2897
-2648
-4321
-1947
3043
4522
1088
-8437
-4166
-150
7022
-2760
-8089
-508
-4349
-1420
5477
-2384
-124
9178
-4780
4615
-7652
-3202
2179
1635
6857
-7117
-8338
8902
-1738
9420
9770
9022
-727
-4159
2686
-1112
-6083
1717
-8108
3698
1267
1749
-9935
389
-3068
-4381
6081
-7997
-870
3028
8631
4589
-6848
8630
9172
9864
-3593
2295
-4572
-319
8490
-3390
-3823
1071
-4764
-3541
-9357
6840
-2367
-2963
-6107
-7370
-9726
2993
-1218
2203
7461
-1710
9662
-7693
-9003
1151
8423
-1110
6717
-3360
-1297
-4434
-5117
-6339
-7341
8245
-9614
2651
2765
9601
6840
7209
-8503
-2717
-750
8058
-1579
-9825
581
-3213
-6729
-5713
-2001
2504
-5021
-7862
700
-9470
-7539
2118
-9795
-2460
8828
-5541
1622
4398
-6240
-2902
2935
481
614
9567
8493
-1404
9161
-2254
538
-2330
-9462
-8524
-8445
-5083
6371
6760
-4248
3758
5433
2255
-935
-9274
-7599
-6966
2759
393
548
-2727
8792
6193
2933
137
7103
-6310
-1789
3694
-5332
2627
-2502
-9011
5248
-6121
1647
1149
931
-9331
875
-4402
-4551
-4564
-5401
-9877
-8557
-8269
8154
-7139
-5566
-615
-6033
816
1393
6704
-134
953
308
-1777
8684
792
-7333
48
2469
3930
811
9814
6090
-4573
-6257
-8396
599
6474
-2805
-9494
-4842
7589
-142
-2191
7889
1447
-9960
-6182
-636
7975
-9974
-4911
-7497
66
-3588
-3160
2570
4676
-4605
-1359
-14
7651
-8891
-1813
-9917
-8915
-6610
1250
8686
-5245
1381
-1872
-4498
-5723
862
-3576
-6435
-6128
-9168
885
4428
-3354
-9111
-3522
883
-5075
-8735
1260
-4955
-9222
-4179
3855
-7480
2927
-5227
-4866
-2749
-7325
3336
6334
-8999
-7263
-690
-4026
-2410
-9644
-8929
2080
935
2145
7282
-8175
8718
3573
-5288
3037
-5002
-95
-2838
-8283
-1308
9539
-1953
946
9103
231
-5885
-9161
-4142
-9171
-7355
-6606
7199
9645
4272
-9325
-8138
2072
3773
-7520
1238
-3103
-6458
-392
9203
-6723
-3875
-9866
-8599
-922
8382
-9831
-9264
-2522
7939
-8862
8721
1426
663
-8323
-8425
-3276
-4019
-2300
-2039
-1138
6002
8448
-4905
-9316
-5984
5137
-493
3993
-8716
-7056
259
-9179
-2942
-5357
7668
677
-9881
-143
-6959
-1109
-4736
-8377
-3085
-1928
7929
-9159
-5285
7615
2536
4957
-2241
-9300
3452
-4907
-5759
1829
2448
-4773
1798
6224
324
2274
8133
-7115
5038
2170
-3138
2629
-4916
1909
4878
-3077
-2915
-600
-6976
4193
-6895
-588
5765
-4233
5407
677
3784
-9296
4790
-166
891
-9379
8085
-2266
-4810
-9458
7998
-7914
2018
5621
424
-7403
-8624
-5746
-331
8108
2927
2493
-3932
-3634
-898
-7562
2600
819
4318
-7710
4984
6339
-7444
-4192
-5368
-8522
-3186
3787
-2761
-1926
-4980
827
-7446
-8012
-2559
6798
3642
9002
6321
104
3946
-2944
8509
-167
7708
9761
-3467
-9314
4804
-3615
142
8842
7260
-7839
1620
-5657
-422
-8813
-9887
3063
-5409
-4066
-9585
-9344
-239
-4988
-1589
1959
6251
8738
3370
-3876
-4493
-1993
7584
951
-6899
4489
-5042
5441
-8210
7013
412
4855
-8940
-2907
-1528
-4598
2676
3543
-2627
-3734
-2349
5275
-8472
-9468
761
-4531
2503
2729
7107
-2108
-7549
7953
-1608
-7430
3519
9472
-6593
-7506
-495
-1560
-9617
4262
-8591
-1393
8038
-5640
-4529
1171
-9346
-53
1514
4523
-8771
-9511
-3234
7887
-244
-3368
-2530
-4261
-9334
-1478
-2717
-1840
7553
-5295
-2909
-8741
-4614
1687
-5371
-9958
-1683
-7955
2356
3388
-4548
-6846
466
1833
-2240
-3081
-4369
-3262
-8733
-4224
-8902
-5686
6320
3053
-5993
6469
-5784
-278
9842
-993
5463
-3740
947
3793
-1370
8717
-6957
1376
-4686
6626
7117
-8666
-9380
4171
-3208
-1036
9154
8866
4693
664
-6225
3000
2212
-8900
-2449
-4524
-3621
943
7877
-6211
-9639
1385
-1728
1434
5144
-439
-4437
4504
2946
-6112
-9692
2157
-8570
-4877
-3536
-5926
-5654
3837
-8019
-4682
-3389
6292
7591
-6168
-2877
-3539
6991
1461
-2670
-1502
7369
7291
-1600
4179
-5883
-7683
9914
-8405
-8559
-4064
-8133
-2972
1453
-2091
3973
7981
1503
-3431
-3184
-8117
-4633
-4615
-1598
-4770
7157
-1319
5567
-1690
-8134
-6313
3171
-6523
1245
2764
-3762
-2329
-7953
-3885
-5408
-2689
2657
-8595
-9947
-2829
-9420
-7260
-7470
3675
-5680
-4210
3377
998
6586
-8396
-5511
9631
-256
-1612
-3390
8718
-3081
8259
-4073
4609
-1881
-8521
-7284
-3700
-8604
6853
1458
-9170
-5407
806
-151
4854
-5728
-3840
2294
2054
-3667
-9854
-5771
471
428
559
-7759
-579
-7312
6366
2033
-3315
-7730
-4671
2261
-7140
-7792
-1018
-7838
2506
-3122
1979
-8103
-2113
-3462
4469
783
7540
-7205
-2734
8633
3509
-5443
-7683
-3866
2053
8135
2258
-7407
7843
-8307
6466
-7049
8140
1094
2937
-4826
-7488
-3903
-449
-7305
-8183
-6508
-8708
-9763
-2470
-9387
-4704
-8290
2389
-4372
-4191
-1214
1744
8840
-1818
-1431
-3880
-2607
-3708
4962
4214
2527
-3193
3194
-1295
4713
-2989
8913
-3307
9664
-3797
-1005
7762
4381
-3054
-91
-8952
-8232
-3376
-7489
-2046
-5765
-8873
4633
-1760
-8138
5127
-2423
-6183
-7660
142
5100
-1600
-3442
-8524
-6846
935
6430
-4169
-8705
-6463
5623
7922
-7073
-1971
211
6211
1754
-3120
2253
-6707
-8679
-9215
-3472
443
1000
555
-5329
-730
-2548
-625
4631
3640
-1066
8040
-2014
-1166
4248
-8461
-1235
2796
312
-2738
-4948
731
-6013
-5536
2557
4248
-444
-9830
-4550
-2818
-2699
3293
-5901
-6668
9044
2331
-9925
1004
9050
5026
4066
1738
9801
9623
3843
-9559
-6620
9695
-2082
-6341
-8637
2628
-3671
-8912
-1146
-1387
-5021
8569
-9334
-2321
-2423
-2163
-6598
-6885
-6708
-8277
-7128
-552
323
1153
5948
-5605
-4803
-5492
-7092
7411
3993
-2335
-3219
-6798
7610
-5172
-2744
-2295
-1035
8023
-9231
1715
-9747
1805
-6316
-522
2145
-8160
-9167
9285
-3100
968
-6006
6633
3885
-9652
8281
8032
6256
-90
872
-1018
-6099
2306
635
7860
2471
-473
-2863
-1657
-232
-1767
-6005
-829
-2397
-1058
8011
-2121
1034
4512
-5407
-9470
4161
-6766
258
-8074
-4094
-4809
4443
-3812
227
2719
-3516
-4776
9093
435
3224
-1906
-6418
-1133
-1373
-7995
1146
2686
6589
-9460
8237
-7150
8759
-422
-1044
2677
-7597
-1958
-3700
5811
-4775
-8857
-8405
-8984
-3385
-1196
-8994
-1632
1641
335
-9302
-8675
-1687
-1977
-7688
-5382
8457
8396
-1661
-8914
2094
-2154
-2957
1522
2911
6280
-6545
-3642
-3153
-1130
-9010
-6127
-5673
-6587
-6546
1896
2472
-5550
7241
-5359
-4354
-6475
-1787
6824
7929
-1305
-4597
2594
-2007
-3933
-7813
-5360
-4921
41
8125
2534
-5140
-7000
-5093
2621
-2308
-4707
-4883
-2283
-9597
-6057
7893
639
-989
-3075
-5972
9978
748
-7150
-7108
-3556
654
-6377
-5647
2036
1547
-8654
-9174
6061
-6096
238
7571
-3114
6405
-4701
-7944
1728
-8733
-6249
-7981
9991
8166
-4283
-4154
7093
-6813
-8579
-7088
-3133
-1701
2444
-103
-8799
-6672
-5058
-2896
-8232
-232
-3359
6296
1262
720
-8756
-2082
-375
-8781
7584
8174
984
459
3149
7014
-4305
2503
-4968
3851
-8463
-3186
-1637
-5349
-8781
-5710
-4083
-8317
1918
-3416
-2748
-6414
1269
-3752
2137
-7603
-9576
-6832
-9973
-1852
1993
382
-729
-2331
-9107
-9123
-8986
9104
-9516
-7057
1495
-3189
-8707
-1108
-3202
-8010
1299
4890
-1507
-926
-8451
3774
-686
-9827
-5931
-782
-3135
6833
5238
9911
3252
-3537
-3492
-4851
-6912
2245
-3769
1920
106
9271
2368
-3579
5258
-5843
-353
-5018
8238
-5878
7723
-9094
8706
189
1156
345
2351
-3077
-2882
1550
-7903
1836
591
3406
-5490
-4187
4651
-4120
-2156
-5257
-2259
1245
4578
-5051
-8295
-5486
9785
-773
-1376
7204
-1644
-6083
-3773
-9445
102
4286
9468
1698
-1021
-8589
2489
758
3490
775
-1590
7132
-2911
-2704
1950
-6888
-9878
2529
-2328
-4164
8277
-4447
3976
670
-915
2652
-8249
397
9751
-999
-9565
6693
5072
7916
-3284
-4672
-8489
2125
1838
-2704
8939
1544
-8944
2826
2902
-3242
-5412
2021
-7414
4108
-223
2628
-8021
-3053
2549
-8720
3245
-4872
4062
426
-5281
677
-909
-5953
3785
-6769
-2594
-1316
-8046
6769
4709
-2044
-7579
5945
3465
6016
-8140
6497
8335
-4810
-4323
-1951
-8995
-2114
-6612
8675
3143
7377
130
-1513
-3445
-7518
-4747
5000
-2246
-9711
2488
-4785
2008
1310
-9060
-2201
-7003
-293
-1546
-9696
-1763
485
2499
792
-387
2612
8682
2983
5351
6129
7137
-4967
6600
1864
-6317
1857
-1032
-8290
-8032
1708
-7359
-2268
2437
1684
2499
2701
-131
-1417
-744
9692
-2360
2087
5012
3810
-4180
4835
-8337
615
-4103
8677
-7226
134
-2447
9533
-1122
-7714
-4376
-7266
8075
5349
712
-3016
624
-2208
-3496
-1178
-5945
8913
-9538
-5527
-9916
-5840
1122
-3947
9397
1822
9750
-8663
3917
-5994
-5069
-7803
-2495
-764
357
-3401
-1710
-8102
-9015
-8553
-8916
-9408
8725
-1004
-145
-5172
5338
7342
4428
-205
742
37
-4494
-3233
-4947
-207
-1495
-5854
-6391
3924
9854
-535
2239
-3794
-5791
5492
6499
8175
1036
-6939
3647
5618
-4987
-3273
5712
-2104
-8091
-2159
-9870
-910
-966
-2085
-3714
-6477
-9334
-8656
2736
-7963
-4584
-4107
-8051
971
844
-7223
9285
-3800
4590
285
-1675
7118
-4332
6
-271
-5992
4541
-9775
5536
1980
-9284
470
5384
-1253
-9672
-2064
-3796
700
-2477
-3636
-8589
6040
-9750
1504
-6517
-8234
6141
-7330
845
506
-912
-6744
-4893
-1734
-4143
-7322
4199
2674
4155
-4809
-1010
-168
858
996
-1083
-1710
-6033
-8293
-1766
-1754
1462
9402
-1761
-6574
9095
906
-1686
350
-5414
-4721
7776
-4178
-3121
2301
5812
-4324
-6836
-2643
2570
-3962
-5688
144
6561
-1820
8200
643
-8144
8061
-7353
-4061
9808
-710
7452
-9021
2618
-8581
-5993
-7716
-5453
-23
5675
8613
8709
3371
-1358
6339
-3664
2621
-8499
-3966
8129
-8642
-8564
-1531
-7103
-1496
-5202
-5798
-6895
-8762
5032
-9935
2516
4481
5579
-977
-8273
-8229
1313
382
-3860
-5184
-1512
5319
-4411
-4487
8259
-9149
2271
-6717
-5636
-2962
-6988
-6816
-8241
-6499
-426
-1267
-4941
-2286
-2351
-3405
-1478
-5459
-9584
5377
-8948
-9435
9891
-9862
3310
-9033
5055
3787
-2776
8222
6439
-2559
-3352
-3196
-2166
9368
1441
-1128
2668
9974
9176
-4863
-9367
-6759
-4255
8018
1015
-7026
9252
-9154
-1044
-4476
-3034
5581
-1856
2240
-666
5296
1876
-4973
-8795
-7982
-5709
1641
3465
6191
-7529
-3741
-6300
-9783
-7984
-8057
4624
7064
1505
-8843
1502
-2334
-725
2046
7632
-211
-3954
-7855
-3997
3152
1901
-1674
-847
-8816
9649
350
405
-5654
-8975
-1030
4336
-5205
-207
1323
-4468
-1144
5896
-6790
7776
-4308
4550
5290
3795
3852
7350
-1685
36
-639
-6240
-16
-1271
-7466
-3950
-1918
6806
-8064
-4416
790
-8383
-818
9066
-6884
-3612
-575
3101
-4390
-3550
9982
-1379
-4807
-2962
6754
-5407
4895
-9720
-4362
-4833
7420
-5655
6883
-6135
-5304
833
390
-7368
-9811
7839
-9817
3817
-7871
-3247
679
8613
600
-1748
5145
9861
-7849
-1682
-1037
-2187
4907
-446
1476
-9383
1211
-4571
-7736
5966
9531
-58
698
9522
1155
-2413
5257
-6842
-5536
3762
-1490
946
1065
-1620
3165
-4054
3540
-2703
-1958
4464
-6806
2584
270
2715
2200
-8794
2106
1302
-5304
-1167
-2389
9067
-9585
-3355
175
-3646
-6552
-5081
3079
-2012
-3679
-2408
1597
-7803
3509
-1348
-9929
-9342
4122
-3141
-2003
999
-8101
-5880
-8680
2036
6984
-5088
-8085
-6047
9485
-9259
199
1567
-5792
-3156
169
-319
-5121
-8892
7207
-4741
-4294
-6151
-5925
-1974
-9876
-2393
7774
-7116
-9872
-5454
-6855
-9519
1714
-9851
-5832
3338
-9693
-3207
-6496
-8895
-8303
8217
5955
6641
-7657
-3867
2097
-9321
-9264
9555
-4367
-8046
-9070
252
9904
-9721
2488
-5130
1754
-3928
2176
-3299
5415
8086
-5769
7480
9975
260
-9486
-1062
6657
4990
9438
-1019
5447
-4758
-5382
6070
-4369
-5939
-2781
-1219
-9010
2833
-1328
-8437
-8698
-9498
-3072
721
-5102
1447
945
-1594
-7778
-1314
-4206
-6423
2844
8683
-8453
3240
-9515
6464
1723
-9663
6653
-2832
-1870
5255
-8534
-5142
-7488
-344
-6682
3201
-9858
-8724
1506
2702
684
5023
270
-3688
-1750
3475
-9689
-3150
9195
-4512
1520
-3899
-9817
-5202
-2108
8848
-3216
245
2187
4462
-1657
8258
6859
-1129
4016
-1828
-7168
-5559
7683
6088
-7985
3976
8516
8298
-9961
1283
-6795
9997
-854
-4231
-6325
-9083
-613
5020
-3970
7442
-8265
2389
-9627
-6520
2073
777
-9214
-1619
1785
-9478
8345
-9021
6085
5713
935
9735
883
-7814
6096
-9352
-7915
4752
-9479
-740
-8018
-3364
-2312
9919
7236
-3208
-2935
9278
-5802
1496
-3614
-8989
976
-2453
2121
-6798
-2755
-3298
-1436
1539
-7428
-7743
-7630
-8080
1654
9359
1080
-2702
-6609
-6040
510
-409
-4133
-7967
-8325
2136
499
7775
-4210
4376
1256
-9728
-9297
-4914
-9033
-485
-6458
-6505
-6434
8456
4186
-1563
9198
2626
8364
-8915
1665
8908
-9660
-8640
-7186
-8846
8012
9752
-6662
-1294
2525
630
-751
-6821
-6921
-1687
-1162
2517
-1579
4145
-4009
-8031
-8161
-5692
6565
-6238
9473
-6319
-8030
-6853
-2947
-7292
-3492
6715
-5571
1066
-2311
4663
1771
-4459
6259
8631
-6428
-7486
966
-4012
8170
-1832
-7801
-9345
-6150
3444
2936
6278
9406
-573
313
-2477
2371
-6673
7073
-6539
-7827
-66
1102
-4413
1417
1463
-3847
-3874
-9405
-8505
-787
-7594
-2630
-6141
-6695
-7504
-5167
-5777
-5148
7879
519
-3874
-2207
1585
-8535
1371
5444
7107
7271
-5913
-1901
6519
-1404
-4285
7552
-7508
4753
-1743
-2410
-5041
3357
886
-2191
-4135
-4314
2019
-9741
-7687
-7565
-8972
-5899
468
-7131
-9544
-3269
-2422
-3926
1395
843
1274
3316
5024
511
8585
-4278
-1029
57
4095
-1826
-4962
-7817
-3342
7295
-4278
6983
-3769
-497
-7768
-5700
5590
-8520
7408
5505
2702
-7142
-182
557
5561
-5880
-4972
-6344
-4287
-6668
-6908
7182
-3533
1320
-2642
-8926
-6013
-906
-5017
-8636
-2736
9714
-3254
-5610
425
-3745
3163
1467
-4208
4231
-7381
-7120
-5282
6128
9948
-5280
-921
2091
-6234
-2413
-4192
2126
4825
1159
7518
-6780
35
1314
-4544
-5853
-844
134
-6640
-9249
6208
1478
-7706
2589
7524
-2024
-306
-5910
-9811
-628
-2581
301
-8298
-5156
-9477
-3461
-9391
1827
-3363
-1814
-2584
-8173
5169
7623
4899
-7486
415
-6356
-4564
-6331
378
1676
7858
-2048
-154
-2863
-4085
-7012
-5384
-2712
-7618
-1926
-9667
-6085
1056
-4344
62
-384
-5476
2129
-2558
-8016
-5128
-2951
-6604
8026
-1418
202
8775
-4584
665
4552
8759
2755
1417
-7156
-6446
9443
-3176
1999
-1578
-9879
5733
1413
9917
5793
-8127
2060
1175
-926
-4015
2501
1622
3208
-2605
1026
-3280
-3709
1988
929
-928
977
193
-9992
2254
-9078
876
5137
816
3803
-8910
-2088
2289
7253
-21
-2701
2322
-7098
-2398
-3631
654
2729
-266
2438
2274
-4774
6463
-1866
-7028
-5652
6453
-497
-7693
-4482
8333
-2563
-9305
3179
-9339
-6856
7659
961
-8093
-3424
3472
-9355
-6408
-7028
-9372
-5804
-3189
5535
5835
-8771
-6284
-6468
-5044
6158
-251
-5380
-6704
9724
3120
-5474
6406
-1017
-6555
574
-8309
-3412
538
-9336
8104
-9123
-9647
-7058
7004
623
4852
5625
7611
-2158
-1276
1149
-9865
3590
146
-2672
-6145
-2196
1741
6909
9381
2779
-898
83
-9308
532
7312
-3901
-3839
1047
-7595
5290
7569
-41
2628
-7861
-8772
-2420
2471
-8222
-2560
8456
-7852
-556
-5255
6125
-2790
-5302
-4384
1180
-5185
-3936
6226
-528
-2521
9593
2482
-6995
8536
5333
1105
-2413
732
5638
1165
-8936
4518
-1601
-4968
7508
3896
3438
-6022
-7362
-1755
-5941
-5831
-9256
-2638
-5231
1049
-3482
6467
558
2143
-6939
-4397
-810
-7814
-8774
-6397
7004
-8700
1768
-9577
1347
-4604
-5434
-4770
-8335
-3848
2000
-6383
-827
786
668
1597
1579
-3776
7728
-3740
2158
-6575
-6733
9312
-9266
-9548
-4831
-438
-8430
-1789
-765
-3110
-8289
-7936
-5250
-1040
-2455
4767
-8246
787
-1783
-5435
-58
-7912
273
-7185
-2421
837
-612
9269
1886
3830
809
-5360
-2679
8319
-119
1626
3020
-8589
-9546
-4107
-8016
-7643
-7001
336
8829
-4050
-8543
2405
365
-7666
49
9094
-1408
1270
119
-6983
-687
5253
6117
-5023
9160
-8495
-9847
-5409
-3438
-6424
-5146
-9928
1134
-6984
-4950
-807
-8055
-8148
-9253
2521
-1939
-3656
-9741
-1634
-7115
4439
-7282
-893
-4732
-6446
2050
-2568
3799
2020
6735
1098
-7208
-6084
-3818
9029
-4684
-6941
3758
-5417
-7601
-8865
-1643
-9930
5271
-7658
7780
3877
406
-1705
7686
-7597
-1748
5718
-6965
-2715
-1572
6678
-4040
-9899
-9051
-7636
-3615
-2374
7157
-7263
-5159
8938
1593
7096
1033
-5507
-232
-2127
-65
9109
96
-9619
-8439
-4261
-4416
-4077
-1501
6731
1849
-4558
-1394
-3150
-1713
-3960
-7231
-777
-8412
6467
2083
-6600
1158
5606
6938
9463
-9080
8366
5758
9685
-977
-9771
9298
-644
-4530
-6825
-5804
-8317
-12
-2381
-7054
2190
-1725
-7531
-4481
4341
-3803
-1455
-8346
-2842
4058
-4206
-6209
3341
-5163
-1100
3232
2675
9736
7438
-42
580
-2915
5013
-4716
-4747
-9273
285
-7574
9670
4536
-6719
-6630
-3451
-8652
-923
-3801
6835
-6427
-1863
-1649
-1269
-2383
-4767
571
-2624
-4471
7731
1044
-9658
6467
0
-2472
916
2634
-5001
7757
-760
-9419
3623
5941
-2869
5749
1539
-701
-4425
-5901
4363
3245
4726
-9799
-3576
-5917
-2611
-9265
-7976
8895
-1255
-3830
1483
-1283
-1608
-1248
1324
9773
-2260
8255
-5532
-7930
6843
30
5756
765
-6886
-7020
-8542
2358
-1876
-3992
-4689
-3333
-8283
5928
7590
1099
-5420
3870
-7010
-4588
4000
8064
-1725
-9916
9682
7911
-9894
-132
-1356
-6174
6436
7366
1592
-5012
8838
5865
-2788
-6053
-2554
9659
-8948
-4229
-8744
1110
2057
666
-3750
2670
3145
-6075
1148
-4126
-4226
-2957
-571
-4464
-3237
-9984
-8142
-6066
-2699
-7939
2655
-6185
-8826
582
139
2082
4024
-9100
-8425
9337
5376
1300
9424
5864
-9463
-7305
8525
8629
-7149
-212
794
1744
-8294
75
6071
-3510
1884
4819
9979
-2805
-4842
6807
-9155
5374
7438
-8844
4820
432
-234
-2778
-7043
-9447
-3729
-3045
-611
-2375
-1971
-6872
-7961
-8473
-9606
-1510
-352
-1946
-4483
-5808
2530
2618
-6852
-5944
-7010
-7718
-257
-3561
-8699
-8507
-8073
-9731
393
-8967
-1569
-6408
-8865
9026
-4158
9080
8616
-5039
-1283
5907
-4080
3245
-7834
121
-2218
-7218
-2994
-3509
1870
4615
-7805
3143
1763
4771
-6408
4935
9217
-4588
-4119
3467
-3279
6952
7322
-8172
8230
-9571
-8576
7699
4153
-7849
1794
-4959
5264
-1617
-1280
144
388
4077
8213
-4798
-1342
-5798
-6247
-7751
-4942
6575
-1910
-5362
-3177
1395
-5299
7205
1558
-6877
-5713
-8959
4026
-7470
-3791
4820
-9065
-2957
2531
-4326
-6098
-1900
-6929
8775
5009
-3570
-7206
-1378
1736
-3110
-4985
-7548
-3246
-218
7933
-4812
7855
1960
7945
-77
542
4659
487
-4057
5347
8584
-8611
1668
-8212
-6802
2280
-2521
2707
-8187
-3140
5447
-154
-2729
2182
2344
3142
6448
-4364
2353
-2451
3888
-7177
1825
-749
-3810
-2361
2046
-6638
-4225
7624
4078
-5015
103
-3219
-9623
-3650
-3952
-9830
8494
-9784
2729
-274
6038
-85
-1328
8352
5862
-3579
-2333
1128
-8535
4329
-9741
-5918
-4611
-5014
-8581
2735
-7860
8666
3632
3485
5822
-9997
-4839
1896
-3859
-7850
-1568
-4128
2361
-5230
2313
-2835
-4355
-1880
-8190
2128
-4030
-3379
-6404
5004
-1486
-9201
-6790
-4731
9552
2235
-9529
6344
1830
-3618
-2739
-3605
-2849
-9334
-9917
-1290
-3242
-2628
-7705
7906
14
3452
-9716
-95
-4188
-1979
-3659
-3425
-7710
7525
-3389
-7833
-3018
-4217
-6613
-1207
-1950
9679
8268
1274
884
2629
-9665
2460
-5895
-8489
-5008
-2176
-2450
-2984
-1940
9801
759
-691
-7077
-9933
-2700
-2775
-1744
9140
48
1655
-8193
4449
-1509
8760
-5618
-5164
219
270
9679
-8275
-4481
-5191
6701
-3369
-1676
-4193
2725
-7699
283
-6031
2488
-8836
3963
-5876
-2466
-2230
-7149
3997
-6276
-489
-9933
265
-9160
-6621
-5045
6028
-8339
-7568
8227
160
6139
2666
-7763
2048
-5152
-5596
-2952
-4435
-1779
-7867
3175
-3759
2514
2147
7362
-6046
-324
-6546
-8342
-8279
-9216
688
466
6116
856
180
-3571
-5463
3629
8389
-157
-2996
-9899
-616
2920
1987
-4864
-948
-2418
-8472
-3634
-8528
-807
-3042
-5821
-1017
-4013
823
-9603
1096
6594
-1099
7653
4520
503
3472
-9980
-8068
-5047
824
-4967
57
5665
-7268
2280
-4833
6966
-4310
-9132
-74
-7172
-8521
4144
-297
-551
8833
2003
-7090
-6760
-8973
5610
-9473
5282
-3607
7187
-2137
-6039
-7435
-1401
9251
-2682
2081
-6442
-1897
-3642
5238
-2822
7464
7457
-3428
-2779
6922
-4244
867
-8740
-702
-4657
-4766
-3159
-5981
-4648
4062
-1589
6811
-8207
7405
-3119
-6349
-4240
7898
-8729
5842
-4306
-4916
-8465
6500
955
1155
-9677
-9350
-3312
-4061
-5990
-3983
4932
4948
1210
-6505
-3581
4648
-5811
171
5851
-6305
1223
-6363
6649
5800
-5593
-1866
884
7177
4812
-9359
-4696
-5504
-6838
2537
8551
-4149
-7268
1565
8938
-2555
-8772
-1806
4526
-7822
5745
-3072
-5795
5149
5257
-4688
-599
-4801
-5273
2692
-7647
-2205
-3458
-7433
-2851
2376
4255
-3258
6748
103
-7185
4047
1073
-1035
-5251
-9863
2169
4331
-2030
-3947
-1232
-1948
3178
1156
-5019
2695
7586
3929
-9269
-5722
7859
-1248
-4911
1958
-9762
-2946
-2028
-5792
-4344
-5829
8147
-1497
9511
2174
-1181
-3893
2205
-7401
-9212
3261
-955
-5565
-2508
-4268
76
-5333
-9597
8367
8899
-8946
167
9212
-3886
129
-4207
1977
-146
5012
-3169
4889
-6674
2647
1299
-7511
-326
-4164
-3388
-5613
1957
5503
9491
482
-7171
-2973
3361
-9048
-1504
-4354
5183
5597
1554
-4968
8102
-4055
-9524
-1776
-919
-7805
1623
-2368
-1657
-7398
5369
-6718
9989
4437
-8401
-9965
-6821
9654
-5348
-6601
-1650
132
-1055
-4707
-8129
-7351
-7410
-796
2177
-4295
-4681
-5250
528
-9772
-4278
-332
-1215
-6226
9184
-3349
8884
-2963
915
5189
1681
9074
3759
-4150
-5454
-740
-3573
-7767
-579
-6839
-2182
-454
-8650
-8737
6461
-8154
-6542
-406
-2629
7945
3502
-1754
-9580
-4746
-2047
5760
-6414
-4581
-1265
6616
-9887
3335
-1408
-982
-735
-630
-7664
-3475
2746
7644
9512
-518
-7185
-4895
-4274
-6799
-9227
-4694
-6920
1593
-6010
-5409
-5786
-6777
-4143
-7300
8849
-7678
3285
-3238
-7298
-8732
-8626
-4848
-6152
-765
-1362
-7238
-1763
-3728
-8208
2200
-3657
7519
-2519
-6630
-1009
-855
9984
2714
-2915
79
-5601
6282
4386
-2881
-7350
2193
185
-4484
-1392
7888
-501
2425
-3104
-2231
-4669
-186
1502
-4030
9537
7598
1077
-4602
-3149
1888
4463
-947
-6495
5741
-8733
9662
-345
4081
-305
9618
-3128
-4906
9670
-7462
-2879
-8555
4523
-1757
2365
-5282
7135
6937
-5401
1499
3192
554
9124
-9969
-1934
-3571
2722
-444
3818
-8125
-8308
3910
8361
3132
9728
522
1149
-2723
1826
-652
-8722
7777
-7662
5175
8944
-3875
-9861
9821
-3660
-6360
-2034
-919
-1852
7547
-49
2907
9551
-6890
-3443
-2923
3009
-9597
-8424
540
-3977
-7426
5454
-9631
1906
2485
-5001
-1952
-6070
-9427
-3342
-4184
-1116
-9627
-9969
-7396
-217
5791
-4578
-1990
-9013
2364
-9432
-4006
-9421
-5977
-4291
1657
-5859
-715
-1523
4023
-2728
-1172
1435
3549
2517
-991
-2257
867
-8735
-8410
2891
369
-8462
-2396
3776
2212
991
2693
-6591
1620
-1803
-7338
-4872
6100
2759
842
8440
89
-506
-7358
1620
-8514
-3854
-2036
1486
-8729
943
-534
-8526
-6555
1788
7349
5827
954
1504
-6719
4246
-6243
-2715
6114
350
-7168
-6327
4943
2312
-6768
4883
3239
-2232
2589
7683
-3791
-8013
8795
3245
-8088
-1361
935
-5752
-8521
3207
1230
-6046
9601
3940
-7957
9718
-6588
4377
-3377
1472
1983
-6115
-314
8720
6257
4702
4439
606
2276
-4076
652
3037
9035
-8301
3316
-8110
3367
9606
1221
7975
1520
-7208
-5435
-4453
-5742
-2316
-8469
-7171
1782
2705
-3838
5689
5923
870
-4658
-718
4196
2180
9969
9072
8715
6051
-5264
1755
5174
8477
-8846
-5271
882
5851
9769
1237
-1699
5676
3604
-2927
-5839
-8803
-1405
-7875
-4515
5062
-771
-2440
-2282
-927
-1921
-1291
-338
224
1574
-2318
-2525
-1185
-657
-2554
-2468
4568
2684
-5639
-4528
-4714
-1734
-3911
2151
-5396
7233
-4406
-924
-9402
8604
-6467
-9532
1184
1417
-7036
-384
1014
4066
4996
6873
-2852
-7490
396
5941
-4209
6866
-4411
-5980
-6645
5948
-1749
-4919
2271
1825
-772
1173
3454
309
-3570
1238
3991
3739
-5147
-9552
2567
7054
-123
-7510
1197
9056
773
589
-3138
-2464
-571
2888
539
7585
-8159
-5833
-4480
1560
-8953
4581
382
9606
1989
-3216
3403
-8040
-8538
-1268
-9608
-3157
4063
6923
4611
-5260
-9308
-7557
-7730
-6081
-1151
-3888
-9424
1845
-7514
-444
-1397
-8636
6498
-7492
2878
-6662
-3277
-6995
-7589
-5807
-6883
-9057
-8773
-5486
-4710
-9584
-9199
339
6544
-9764
-9988
6274
-4567
-260
-5599
-9817
-8865
-5172
633
-9563
2134
-1423
-6329
-1278
-2737
9659
-5460
-632
282
-8152
-9634
-6710
-6773
4458
2071
106
-3695
1001
-4566
-8230
-445
-1493
-5701
-2270
-5925
-1197
-8561
-3806
-7512
-1336
-3327
-2952
-4642
-7720
2487
9764
-6287
-5987
2452
8170
-5022
-3234
2704
-8584
-1351
377
-7163
-1463
9459
-9568
-9045
-7895
-9474
-4063
-8634
-6086
-6845
9290
-3554
8182
9635
-9907
-6064
5846
-8762
-4544
-5597
9714
-4401
41
-3075
8074
2324
344
-137
3749
-724
597
4334
6647
-7574
-9957
-6756
3592
-1239
7269
-4825
1139
-5304
9481
4471
268
6713
-2334
6030
806
-2891
-5710
-941
1684
-5454
2759
1103
-9394
-9609
-7907
3196
-9417
7950
7557
-2565
-9988
-3333
869
165
-8097
973
-2209
-7484
-3851
-5485
118
-5757
-6612
-7503
-2289
1091
1874
8563
-875
-2993
8370
5121
-2273
-7342
-5664
8275
-8779
1576
-8201
-5081
4241
-1389
-4288
209
-6365
-6737
7830
-1486
-6664
-4217
1032
-5012
-6661
-6295
4670
5940
-132
-1609
-2272
-5015
-4463
-3680
3124
997
-646
-1297
-4506
562
-6135
7554
-9300
2302
-286
1629
6794
-8974
-9537
-9472
1748
-4321
-8649
-9801
-9997
8442
9280
16
5290
5098
-142
-8270
-1447
-449
-6738
-9556
-8351
485
-2945
2572
2889
-7142
7552
-9871
4640
-3140
-1954
-1373
-4956
-3578
-4064
-2527
9154
-9667
-1244
1051
-4609
6534
-6069
-7678
-2921
-1798
1176
-8420
3269
-4612
-6571
5885
-7998
-2390
6327
4274
-4240
-9901
-4958
-6945
-5607
1065
-5072
-5428
-716
4726
-1202
-9477
-3799
1587
-5912
-8003
1652
9175
-4250
678
1455
-9107
630
-2594
-469
489
5165
-5479
127
-36
-9560
-8887
389
-7290
-9512
3763
320
-1812
-6179
7264
-3997
-246
4722
-4684
-4146
-3414
-3575
-476
5818
-2698
120
2659
-9512
682
8341
-7426
-3500
-4434
-3778
-4246
-8448
-9150
-8484
3226
-6514
-3398
-2263
-1099
7901
-7251
5967
102
-5735
-8119
1843
6710
4508
-3511
-142
184
8121
106
-3414
-6013
1371
2490
-5028
518
-7927
2353
-8719
-7338
-2004
-1787
-549
-885
-1196
9785
-9667
-8436
504
2837
1453
3784
6333
6972
-3079
1544
5370
3257
-9912
-3871
-9703
-6660
9923
-2099
5343
-4124
-8269
-2500
5648
3613
-9747
-9689
-307
-3668
-2549
-8186
1599
-9784
-6788
-3166
-6151
2252
-9088
141
-6791
-2550
-820
7569
-465
-5438
-6635
-4889
2817
1011
-9237
1321
2606
3345
1443
-150
-7407
8664
4442
-2556
5833
736
-3498
-8975
-2441
7953
1007
-994
1543
-8871
-7249
-8930
-2605
-8772
7541
59
-6780
-7285
-9056
-7822
-2342
-4616
-2262
383
-5362
-6263
3635
-4970
9782
2315
2080
-7979
-7575
7752
-796
-4554
9412
3004
-1955
-1175
-8756
-7451
-3006
-1471
-9868
-9991
-7684
-7571
-2239
-867
2930
746
-4468
-4717
873
439
-8120
-1165
-5013
-9430
-4411
-2371
-4440
-479
597
2189
3163
444
8621
-5295
-7185
713
-7666
6999
3137
-4385
4164
2058
-6489
-1617
-3154
-9057
2737
-169
-1345
2251
-5649
3290
6052
2295
-5580
-5939
4360
-233
5273
-1966
2133
-4809
-699
-9622
-4613
-2121
3500
-3385
2709
-5928
-4939
9952
970
-7177
8064
2537
-7950
-8390
-1209
2978
-7557
-2839
-5179
-7282
-7702
5183
6933
-1305
4709
-8928
-2532
-1297
2864
845
-8151
-950
-1354
1142
-7556
2155
-3541
-9232
-1115
301
-9232
-153
2606
-6813
4535
309
-1636
7633
9351
9140
8625
1724
5346
-6800
-9162
-3969
1221
-6783
-6376
3584
4815
-7656
-1648
2019
-3930
1367
-1081
2174
-5513
-2970
-7655
-7284
-1956
1699
-4838
-8315
6115
-4679
-3498
-1459
-2196
-4427
733
1452
-2189
2229
-7776
-7841
-17
1665
-6155
3950
-3174
-1409
-3103
-6787
-7629
1986
4662
5190
-4416
-8094
-4582
-8378
-2281
-334
6218
-8009
959
-434
7103
-6721
498
-5133
-8655
-3897
7430
20
-3975
-8466
-4179
1833
6235
287
-1607
-5173
-6652
6624
2692
1918
2800
7244
-3569
-914
-305
1508
-8247
1597
-6808
1121
-7181
-1093
-929
-4978
-9439
-8009
-7948
-4749
-8477
-1035
-5044
-3020
5061
-1535
-2477
2300
-4172
-765
-2047
-5388
3682
-6124
-3843
-4711
-6708
5199
-8224
-7539
-9158
9131
-2340
-1300
1638
-8920
-5380
-7455
929
168
4141
8762
-9166
1633
2270
-6918
0
4560
-8636
-3859
6099
-3664
-2335
-3167
-971
-1173
-2746
-8972
319
-4016
-2890
168
-5583
-603
-1875
-2594
1410
-1537
2048
-5310
-5031
-4656
-1401
4643
155
2464
4537
-4442
7206
6911
-586
9947
-8707
-871
-3413
4080
-9915
-1236
-2766
7076
4015
118
3384
-5153
-9352
-9453
-4445
832
-3219
837
-2573
-4104
-4141
-1676
-2201
5653
-2299
-1159
-5596
5729
9215
565
-6350
-4468
-6917
-281
8296
-5561
-9222
2238
-4759
-9197
-3994
-7380
2670
-2151
9205
-5476
-4922
1787
-8016
2629
-9861
-2102
9973
-7362
-6185
-8998
-5959
-5515
5063
-7789
-9934
8827
-417
-6070
-3435
2082
-2018
-1169
-1765
-6710
1812
-6744
5802
-8552
-3487
-3874
8497
-2936
-6785
2293
1907
-1563
8418
6338
-7576
-9930
1183
-3655
-672
-3941
-2517
9221
2537
1560
1349
923
883
5905
5847
-687
-7214
-3016
4409
234
2500
-8030
-9161
-8843
-4332
-6144
-5515
-6408
1022
-5267
2735
1383
-173
-5501
-6939
-7910
7135
2100
-8521
-3427
906
-3115
7245
3209
-4164
9981
-9061
-301
101
-593
195
1219
-6916
1427
-645
-4440
-7867
5452
-5200
-9397
1688
-4602
-3125
1569
-9696
6990
-2157
-443
-2143
1319
1875
-5851
8190
-6054
798
9467
-3654
-9491
80
479
-2019
-6793
-2281
2138
2425
-8301
-9230
2014
2510
2355
-5768
-4235
8618
1720
6237
-1736
-9291
703
2544
2050
2541
-5699
2344
7427
-3859
-7090
9696
4824
9683
1098
640
-8869
9570
-6246
-6465
-9097
9445
-2391
5414
-3968
-7083
1630
-4682
2432
4413
-5910
8461
-9868
-3365
-8483
-3355
-679
-8182
-8195
-5667
-5279
5246
-5030
5788
-3606
1008
7227
-1165
-9423
-4325
-9795
-9950
4642
9254
318
-8610
8724
-9021
1365
4754
-6829
4022
-4156
7267
-7491
-7590
1872
6552
5874
6977
3697
5370
-59
-9733
2341
-9383
-5032
-4935
-2679
8655
6727
-3086
-1717
-7863
-3068
-3451
-8838
2882
4035
-1408
-4865
-1070
-7466
7520
7728
-312
9724
-3366
-4767
-4397
7125
-3878
2782
-9240
7065
1930
-1736
-4577
-6678
-5514
-1092
4638
-1369
-8435
-3574
-5638
-9437
-1622
4419
1851
-1259
-4685
3076
-8832
1521
98
9587
-9469
-2761
-1661
-9448
-3170
-9526
-9219
-6258
-882
-7100
-300
-5766
-4394
680
-210
-3077
7399
-1832
-9515
9634
-4545
-2456
-7556
708
-9200
-4781
518
6349
-1053
-2420
-701
-8552
-9316
-3881
-868
-6660
1888
-230
9297
-8567
5140
-7378
4545
-4460
-9273
8250
-8918
-753
-1901
-9950
7730
-1604
-1696
6331
8805
-1949
-8918
3139
-3233
-5630
-3324
143
556
7973
-2884
1957
-1714
-2634
-9567
843
672
9814
-8702
1471
-1063
1261
2809
-9080
-6414
7327
-1559
-947
-6677
2528
-4509
-5403
-2901
-8119
-8177
3310
-6329
-2422
-6007
5090
-8347
-8766
-3734
-5753
2113
-2578
745
-4026
-6512
-6978
-6623
7519
-5917
5966
-9195
-7206
-2354
-1676
3441
1089
-2902
-8203
2066
-3540
-9609
573
-4535
-3395
-3194
7438
6396
-2482
-1738
-2056
-8274
7015
-7107
9323
-6431
-8876
-5782
-4631
472
-8330
-2839
-1985
-2175
-7271
-8506
-5963
-5805
-6170
6549
-4700
-8299
794
8561
3303
4992
3959
-5052
9206
4613
-1031
5639
9455
-3439
-7349
-5590
2677
6576
-7461
7222
-2498
2224
-6804
-3151
-5977
3912
7723
-4286
-4629
6808
-8380
8981
3156
-6702
149
2145
497
9466
-2557
9448
-3608
3531
204
9695
-2706
-4550
9149
-8049
2581
1598
-8155
3675
-9755
1584
-8567
-3900
4399
-8433
2297
-3991
-1059
-3769
-3901
-5102
974
-5613
-9241
1262
6145
5729
3659
-676
-9233
-5034
-6032
5927
-7906
849
1796
-458
7923
-2604
-4583
5411
7368
2048
5781
-6167
574
-5312
-8116
-2332
468
-7575
-3796
1844
921
4960
1911
-6078
9951
-3300
342
-9370
-6575
430
9451
7720
198
-1473
1480
-5595
-8618
2425
-8386
6612
-3796
-6808
-5991
4938
-4995
-3134
6666
2171
-6920
-3036
-2459
5026
-2114
-8065
2733
-6749
724
-6924
5292
-1841
951
5596
-473
807
-5713
2027
-8080
805
1127
-5163
-290
6583
-197
5137
-517
-8659
-4365
-1379
-6723
-7722
80
6434
-5289
-7771
-1147
-8070
-4592
4730
-2552
-8368
9141
-7330
5416
-6937
-8182
8815
9984
-3491
7974
-8259
-8115
-8592
960
9748
-6915
-4222
101
-1829
2505
-2599
-5204
-5828
-8891
-9269
-1013
1670
-6475
184
5802
-8273
3746
9688
-4648
-803
-9011
7895
-9602
-5049
2018
9373
6257
1719
-6127
-3085
-6932
-7117
-4390
1859
-7875
-2404
-7161
7583
3518
-841
-8482
-6939
-3833
-1397
-1834
-62
-3774
-2807
7882
-2124
5760
-1262
4557
-6220
8554
-6922
8061
6868
-5479
-4327
-8902
-5243
1258
3419
4345
7901
-9811
-7784
-4044
-6761
-6275
-1875
-1468
-2822
-9579
-1284
-8238
287
-1792
-5262
-4470
-5395
9490
-6201
-431
2407
3253
9413
-2344
-4215
583
-1652
8593
-9201
3362
-4394
-6334
-8265
-3781
-8329
-3336
2599
-9392
-153
-5986
-7086
-6788
-2493
-7378
-1673
-7508
-9680
-3001
9898
1271
8386
-7808
-1448
6217
2524
4988
-9307
5089
-2312
-7586
2296
-9732
-5654
-4642
-8263
-2255
1568
797
825
-353
-1779
-2763
-9357
-93
-6330
-5451
2546
9039
2252
12
-3980
1431
2476
-9309
525
-7155
-3901
-5584
-2226
7056
8677
-3128
1736
-8992
-3104
309
5132
2358
1788
744
-9996
-1070
6727
-2351
8519
-5132
174
-2099
-1639
-5745
-6034
-3073
-8687
-9638
4780
-1182
-272
-6711
-8287
-5059
-1777
-7204
-3269
2840
231
2135
5632
9582
-8618
3250
2644
-1148
7457
-399
2268
-8967
-9227
-8106
419
-1474
883
-3467
6782
-2488
7436
6825
-8948
-4188
-9976
-4155
3296
202
-6227
-242
-5695
6677
-8642
-8889
-4719
1650
1570
-8020
-5747
2327
-3641
3716
-4203
-3882
7718
-6223
-9619
6065
2152
713
-5629
-3824
-3414
-3126
242
241
509
9097
2662
1248
-7758
7148
2592
-1464
5620
-5383
-8771
-376
1781
-5362
2706
-4439
2350
2547
-5542
9039
-8095
-19
-3532
-1586
5601
-4684
8294
-8033
-2955
-7833
39
6163
600
-226
8444
999
7525
-1920
-6783
-3176
-9551
4086
5674
-8743
4185
1215
-9942
2275
-4770
-3418
-7789
5037
270
-1038
6591
28
2661
3612
-304
6876
2100
9958
5171
-5809
-6752
2122
2698
-7450
-4242
-4272
3145
-6258
-2562
1860
1473
-5523
1493
-9305
5404
7213
32
-4475
904
2295
-779
-4152
-9832
-1916
-9380
-1909
4838
9232
-8881
337
-6434
432
7262
8534
-169
-6363
4694
-3898
7011
2514
642
-7731
-6166
-6453
-270
-8497
1041
-9394
411
-1703
4737
-1898
-5985
3063
-1883
6317
1999
2151
-9357
-2462
-3218
-6546
-8113
2012
-6088
-1078
-6163
-7826
-2909
808
-6282
-8149
-1723
1623
-4148
1211
-1770
6589
-1999
-7985
2487
-5272
-6971
-79
-4013
5863
-2673
-512
-6523
6714
-9154
475
5082
-2169
-6161
2619
-5831
9647
9362
2406
-5440
-1248
905
2561
-7280
-5620
7441
-3450
-8661
-8262
-2876
951
-8995
-5060
-7011
-7375
-8518
-4896
-9347
-6620
-8570
-6389
2606
-6942
9787
2051
-3673
1430
7622
747
3407
-5704
-6286
-2795
-5051
5406
8810
2515
-8065
1588
-2215
8334
-3087
-977
-8524
-37
4177
5726
-7078
1707
-6471
-734
-6373
-575
9900
-6752
-2025
7530
-2243
-8587
9096
7016
-1908
-3095
-2749
1807
3730
-2297
-4453
-5548
-7745
4684
-1465
-9406
-9854
-2210
8036
47
-1495
607
-6722
-5042
6281
7746
299
4422
-5408
-3587
2808
-5948
-1959
-6209
-2424
6924
657
-3292
-6054
-42
-3368
-7737
-8373
7831
-3559
2679
637
-8900
-3363
909
1750
-5346
-1460
1597
-1173
-3021
9046
-7861
-4162
-1919
-9102
9792
5221
8697
293
-9187
-3794
929
-9307
-9649
-5184
-9806
6238
-6012
-7325
3971
-9579
5980
-8317
-3034
1099
-5244
-9391
-7534
-6332
-641
-3605
-2816
-2072
5094
-5668
-8134
-3542
5266
-537
-3087
7431
-8714
3360
-6834
-1551
-878
-4740
3883
-7827
4966
5706
-1054
-7526
708
5346
-6330
820
-7734
-4931
-8622
3927
-6962
-1116
3359
-2233
1978
-5970
921
-9809
4890
-6907
-8556
-7191
-493
-3960
2523
8222
-9353
150
5225
-2738
-618
-7031
-260
6001
4855
-9695
-474
-3713
1863
6979
-7034
-5522
-4655
-5791
8886
-5094
4720
-4357
9606
-5558
-4639
6983
8938
-3183
795
-6291
-1201
497
-6205
-1258
-8748
-8633
-5860
8103
855
6755
1052
6856
-1555
2262
-7003
650
789
-9935
-5295
9127
-5553
4427
3503
-8724
4265
-3325
-4754
9781
7803
-4185
-5737
-7240
-684
2581
3777
2533
-8172
-5216
-7297
-5556
476
8374
2108
-2465
-5598
3935
-5559
1786
393
-6680
-8586
-9056
-8143
2912
2304
-4504
7691
-3294
-1174
-3784
-2417
2133
-5489
976
-7695
-335
-6794
9098
2418
7619
6791
5024
467
-3150
-66
-3505
-3025
-925
-2306
5787
-4535
4762
-2361
7508
7460
-4318
586
1495
-878
-6065
-6052
1559
-4881
-4862
-4534
1373
750
2060
-659
2093
-1452
406
1918
4268
-9788
-3935
-3381
127
8571
3114
8042
-2250
2749
-8272
1261
-23
-1264
4025
-8394
-9535
-217
3953
-8595
1626
1153
-9835
6545
1127
5780
-7569
2380
183
1347
-9277
-919
-937
-4456
2249
4426
-3560
-8338
-8709
-971
-302
-8402
4978
3727
2825
-9540
-3731
-4820
2223
7347
-3598
-7835
-8918
5423
4055
-1813
-1193
8809
-8670
-3909
8111
-2456
-656
-6925
7689
-6795
-3244
-5276
1217
-144
2048
-9240
-7720
-8350
2088
-5034
-8933
5778
-8827
-6157
-952
-4068
-8424
-9237
-402
-5665
9616
1857
980
2166
-8339
-4509
3933
-6071
-5915
5250
-9109
-5307
-6712
-3712
-9214
-5943
2559
-1173
-3090
-3774
-8710
-8759
264
666
74
-3308
148
-5588
-5108
-9784
-9842
8827
1159
-9958
-7161
163
-8552
-3604
6250
2896
-6804
-322
-892
-6514
3437
-4697
323
8001
7041
-155
-6370
-4906
400
-1007
-7946
-1606
-796
-4458
-3876
2569
-1419
-7357
-8173
8201
-5498
9023
2038
-6439
-6166
3101
-5795
-3100
-5268
1456
8636
1210
3917
2593
-5523
-6208
-7090
-3010
-592
-7225
7889
2069
1391
6139
-8165
-5694
39
2173
-8931
-2427
1444
-8173
-5805
-6664
395
-4898
-5684
-993
-6978
6764
-52
-4992
3772
-2992
3790
-843
-4953
-9169
-914
1696
906
-2533
-8186
-3810
5467
5605
-4489
-7617
-5347
-8561
-5174
1942
1929
-2560
-6473
-1460
3886
8443
-953
-7847
8470
-9390
-8395
-5291
-7029
-3529
-2758
-7668
-1158
2420
-6775
881
1718
6588
-4649
7252
5857
-3135
-9025
-2570
1351
-3898
-4250
1788
-3253
-9928
7290
1219
3717
-8007
-6240
756
-5908
-2307
1199
7032
8849
-1127
-3657
-2067
-9556
856
4486
8025
2364
-6000
-7668
-6978
-855
53
7709
-9105
-3253
-5492
-681
1634
-2864
-6877
6244
-1018
2490
-6625
-3454
439
-4952
4565
8962
1168
-6281
5469
-18
-1887
-6713
2340
-9234
-2367
290
8321
-9364
8677
7995
906
9463
-4751
1620
-1944
-3867
-434
5955
-9943
-4579
-9539
-7499
-3340
8916
-6837
-1262
-6622
9397
7334
-412
-501
-9530
5199
4115
-9634
-8535
5232
9874
9078
-5663
6800
2848
-2007
-4042
6757
-6329
9058
-5318
-3383
1065
2706
-4180
-4688
-9796
9602
-803
2136
-1357
-884
-7022
2306
2624
-4885
2473
-3840
-5322
-7664
-5281
-5392
-4812
-2218
-5679
4616
223
2712
1186
-2830
-5234
-958
-9732
-1542
876
-5338
9946
6981
1753
-5296
838
-1403
-5678
9595
-1089
-8885
-9613
1221
-9763
-7396
-4422
4640
-8136
-9434
-8306
-2069
-635
-3244
-2816
-7935
-4894
-735
2000
-4016
-5611
-4598
-4589
-1043
1807
-5593
-9773
3686
-2057
-4965
-6888
-1769
677
7049
-8794
-9599
-8565
-6454
-2041
7576
6811
-8292
-9910
-8836
-9403
9725
4107
-4117
-3585
-7623
-8906
-4620
5355
-4832
-3066
-9617
-1389
316
8403
-8052
-5800
3041
-4340
-8727
7723
-2811
-7968
-2777
-2213
8178
739
1503
1137
4890
-7537
-7823
-199
203
-8087
-3170
5314
4099
-7002
-1897
6598
-9883
3790
-5132
7374
-4308
448
4106
-8816
-1152
-4074
567
-1765
2407
3977
5471
-2795
-7970
8920
6845
3458
-9241
-9402
1042
-7192
2277
-7934
-2367
3505
-9722
-2710
5311
-560
-9983
402
-7131
5543
-9152
226
6760
-9943
8863
-4354
-7510
4668
-6474
-6614
2610
-8351
-3661
813
-4838
-1642
-1780
437
-185
-1125
-3628
-5124
-610
1429
555
-3990
9077
4784
9275
-6565
-4024
4840
6048
-1471
-9810
2633
-8633
2637
-2677
-4555
-997
-2006
-1914
-6266
-8548
-4725
-7459
-8075
-2799
-5145
5304
-7622
-8609
-1567
3260
-7275
-7174
-1875
-9310
-5811
-293
-6065
-4153
5719
883
8614
-572
313
2048
-1974
-7360
7727
-8291
-7534
-9435
-6035
-2113
4473
8976
-8250
-1347
1953
5229
-5491
-4657
8600
8771
3611
-1222
-3237
6188
-8432
5002
7960
-3032
-2627
-2334
2360
-9582
-7615
-5999
3485
1619
-7054
-3387
6696
2389
-3106
804
1119
-3781
8627
88
8461
9295
2652
-6357
-9910
2747
-2035
-8876
284
2525
5953
-8208
2110
2197
-9503
-9195
-5888
-6144
-6744
-2270
1231
-6966
-1499
-5829
-3562
-9344
3265
-2764
-1531
9924
386
8972
-9198
3652
-4529
3580
925
-9620
6708
3599
-9863
-4133
-1272
5812
1831
1684
-2707
4658
-4860
-3113
9688
-9923
-441
2959
530
-1370
-7324
-3860
638
-5609
-4140
276
8060
-7906
2328
-3563
-4947
5385
-5861
-3073
-3272
-1804
1304
4368
-3604
2975
-5187
-8817
391
-9852
-6354
-9667
-6441
9127
1773
-1399
2207
-7505
-9448
8835
-5540
9652
-6829
8595
-280
-2727
6088
-533
1375
-8837
1612
474
3649
-2070
-5372
-4605
-9417
3833
-6873
-7955
-5000
-8015
1990
-228
-5362
-6229
2793
1696
4373
-7939
-5092
716
-4700
6739
-9173
3497
-6128
578
9289
-6228
-4307
-2342
2999
-2522
-2634
-390
642
-5
3567
-6423
3854
-1546
-6008
-2398
2226
-6
-4955
-8626
-7452
-2117
444
1881
1975
-5330
-1153
-7682
8098
-8033
1594
-6428
-3933
-4862
991
-8211
-8732
4460
-3488
8300
6812
-1566
-8323
7575
-5383
-8110
-9953
990
-6660
-3295
-3516
-4357
-186
-5436
1500
298
-2318
-6125
370
4923
6498
1051
-1136
-7323
-6977
-9740
8764
5117
5467
-9230
2919
2855
-9703
5727
-5335
300
-8112
4969
-8187
4398
-8756
-9641
-3150
-9544
-4395
-4190
-1572
-6087
-9580
6882
-6968
-6734
6387
-9369
1464
-8499
5380
585
6702
1073
-347
-1406
-1773
-9612
-2046
7802
-8134
9168
-2853
-9629
-8863
-3367
-5688
-2138
-4680
-2899
2555
-5315
-1914
3117
-7259
9763
648
-2068
8667
-1047
1146
-9787
-6406
5707
2075
-6734
6729
8482
-5492
-8198
2494
-7429
506
-9302
-2045
-856
-7556
9224
6778
-1899
31
8740
-1697
925
-9472
-3441
8589
2270
-6151
-3088
-5212
-8437
-1600
-4459
9514
5505
44
-7289
7375
8284
-1894
-3742
-2603
4394
-9841
-2877
2415
4096
-2178
258
873
876
396
8706
-7895
-1205
-1613
-8857
-2859
6139
8388
-7161
-7723
-7628
752
-8604
-5318
-9229
-7415
9529
-4416
-8553
-3132
-6061
1999
9615
-4478
-5758
4712
-5293
3631
8848
7454
-2029
-3510
-7791
-4542
-9075
-5273
-4132
8964
-445
-2095
-8711
9207
5355
-6604
-677
341
7049
634
-3216
-8574
9786
-5389
8822
-9131
-1742
-3589
-9200
6804
-5015
503
2362
-7392
-4078
-960
-2599
5937
12
1347
-3081
-2909
-2852
1160
-8595
1425
90
1330
5281
1888
-9205
-6362
-589
9984
9647
-3345
371
-4498
-4900
-2239
5717
3965
-5461
9501
-3577
-6185
-591
53
-3998
-5569
1585
7089
-193
5944
-4465
9264
812
3627
-1016
-7245
95
-1115
449
-2762
-245
-7585
-4259
-2944
-5391
6019
-4173
-3138
4248
4779
1343
-1269
-1249
-1749
-4904
498
979
5138
2306
3991
-1699
2413
7781
-1549
-6531
-1714
-2723
-9858
4541
-6645
-3565
-3342
4799
5961
-1620
-8626
-1416
538
-1887
1656
-5407
-1627
-9329
5031
-5748
-2747
4399
2623
6100
-9964
-9400
-1634
7192
-2454
-3836
-2697
6281
-6048
-4191
-8067
-1278
-8518
-9911
2242
-8296
-7131
7940
-8864
2065
-4195
1612
-328
-3174
-45
-9375
1210
7156
-2612
-354
4868
-6386
-5587
-1204
-274
-4935
-7915
-7819
-2171
-4744
-5812
2716
-9162
-9002
1915
7499
2222
-3267
1468
7629
2143
6916
-8972
9661
-9210
8424
-259
447
-5653
2719
-8919
2382
-7511
-7895
2403
-6251
-2610
5991
-1832
-3455
-6683
-655
-5833
-2730
-4462
-2014
-8075
-8798
-2818
-905
628
6255
-6604
-2280
2341
-5187
5546
4278
-5973
-6097
-5276
1686
5986
3365
1397
5868
7616
6218
-1656
-9396
3163
879
6015
9372
-3157
-1193
-3783
-2674
4017
180
57
9869
-7464
5458
-6300
5622
-2726
-1165
6828
3914
-2042
-4101
-7573
-1408
-6079
-4660
7089
5536
8043
1493
2146
-4979
5828
-2906
-7782
802
-7057
-504
-973
-6783
-7915
-4597
1672
4776
-7315
-289
-4934
-2746
-8646
-58
2643
-8500
-3850
5866
-4791
-5466
-3602
7500
-9818
-8084
-3315
-2307
-6747
-8076
-5379
-4752
6111
-725
-7957
-2897
-8377
-1884
-277
-5715
5203
9712
-2883
9084
5469
5807
5966
-8896
584
1381
-7935
-5628
-9370
560
-913
-7285
1945
-4007
-7379
-3158
1465
2249
2158
148
-234
-4930
-8504
-3307
8703
-33
-5317
3460
-8286
2444
2415
-6286
-76
-39
-2275
-3800
-8333
-228
-4751
4817
2218
-187
-2642
-8621
469
-4914
-4525
2724
-5754
-4813
3517
282
-7929
-9660
7501
7235
2625
-6727
-53
6006
7388
-9083
-8757
-662
2184
-5043
-5361
1094
-740
-2469
-9747
665
2237
5390
-2029
2027
-5503
9460
-1816
-2509
6099
6491
-2060
-1110
-1894
-2587
-1502
-7777
-7210
-6438
-2875
-5779
-2005
-5054
-422
-8246
-799
1523
-5587
8098
-6454
-4313
478
-1788
-1082
2482
-4316
-9286
-7644
4019
1458
-3873
-5270
7401
8826
2892
-234
6024
-5456
755
102
4619
-9712
2384
-5579
-8244
5635
668
-7801
-8590
-2787
1508
8135
-85
-8438
-646
302
6234
-8885
-5590
263
1074
-7908
-8016
4881
2948
2040
8424
-8699
-2219
702
293
-4104
4020
-5099
8455
-9021
-4022
-7986
-7993
-3327
-4301
9066
2068
8985
524
764
-8413
-2371
-8882
111
-2398
2322
2042
-9813
-7058
4497
-812
372
838
-2387
-1067
-4652
-7169
-1450
-2404
1659
-391
-3971
-5883
-3676
-6094
-8679
8189
-8775
-262
-5591
-7531
5881
-4761
-1893
-7371
9913
-9846
-3315
4050
-3607
5249
-4206
3202
-1992
1934
8727
-1328
-4293
-8504
7942
4972
-7350
5008
-4181
-4379
9483
-9273
3573
3705
-5356
8158
-6625
-6356
-7509
-2066
8752
8983
-9776
-5014
-9537
3331
-8099
753
-3045
-9674
-8404
2728
-5749
-1939
-5990
9480
7153
-5973
6891
-2509
7252
1809
-4274
-3731
-4866
-9137
-3870
-4279
1667
1049
5017
5665
7011
-2275
-5092
-6838
-7950
-6476
-8785
-1401
7670
2455
-5289
-3779
1680
-9963
8569
-7193
-6465
-6334
-6908
-8118
-5951
-6894
-7406
-6676
-3556
-7930
-6741
33
-7044
9093
2891
-9978
4605
-8113
-5243
498
6028
-1554
-5080
-3703
9129
-3026
5089
-8141
-9136
-9521
5472
5869
408
-6183
9663
-7778
-2182
-8817
-1823
-4180
6678
-7546
9464
-3153
-1197
-3176
-8374
2663
1991
-1708
-2508
-9046
-8970
8249
-8625
-8575
-1507
-7709
-9838
2771
-463
7140
-3112
354
-4637
-9033
-6364
-6539
-7481
-1487
-8894
3285
-6250
3704
-9360
-5028
-9647
-6535
-9955
-4694
1126
-2443
-6704
-8454
1880
8796
