3000
-2959
-2533
-2666
-500
-1831
724
2478
2358
-38
-2536
2705
1145
2281
1827
961
-2509
-5
2942
1827
2436
-609
-396
902
-2847
-2708
-2618
2421
-2284
-1282
-1105
2447
726
-229
2538
-1131
-1088
-1333
-701
2035
894
1703
2811
-1678
-2667
2673
1664
141
-1289
1253
-2132
-1453
644
-338
-243
-963
-2141
-277
741
529
-2222
-2684
35
1190
-1158
-2712
-2894
40
-58
-1736
1648
446
2805
890
-2271
-2630
350
6
-1899
-2607
548
-1371
-2377
-2916
-1046
-2244
2840
1966
-1624
-1069
-692
1944
-561
-2374
2323
2537
538
1118
-918
1929
1541
1833
-1885
1639
2658
1704
930
-1023
-694
-1327
1386
2021
1745
-76
-1928
-2730
2829
-223
573
2097
1512
2986
-1710
161
-2364
1355
-2233
2655
574
1031
-2948
350
-1850
1941
724
-1034
430
-1893
-2809
-2993
2337
457
-2713
753
1383
-55
-91
-791
758
-2779
-2412
-2578
-2054
506
-1970
1413
2168
-2100
-409
-2238
-1345
2410
-2641
624
-463
548
-2517
595
1041
602
-2650
1291
-2164
374
2020
1596
-2979
348
2199
-1332
-2516
-719
1734
-2947
-1001
-582
938
-2100
788
-2873
-2533
728
-107
-2352
1483
2807
-579
-690
-2383
1813
514
-691
-1384
-2065
2451
-400
2249
1519
-1444
1798
-2697
-2776
2008
2844
-391
-11
-298
195
-515
93
-657
-2477
-1413
2314
503
-1552
-1800
-1542
-2382
-420
-1204
-202
281
-1411
-202
1009
157
-528
2622
-2462
-2708
-2962
-2821
-2810
2657
-1042
-2809
-1185
1888
-1844
2511
1202
-366
-2728
-945
-672
1646
-638
1886
-2125
1433
2869
-858
2844
-1584
881
-1002
1322
-2349
1021
2699
557
1476
892
-2611
2075
1712
-400
-490
3
-131
2861
-312
-1599
789
255
1423
2002
1585
-2818
1285
88
-1574
1617
2757
832
-2068
1169
-846
-1279
2189
-1024
-1671
-632
1692
425
1555
434
1549
-1559
512
-2855
-2940
718
753
1139
-2577
1279
-1004
1687
-2471
1549
2437
-1134
-2051
-2807
2195
297
-584
1286
1105
-2512
1282
-2545
-1266
-2886
2701
-1684
-329
2786
-2737
1313
-2645
-1815
-947
-2088
1808
-1168
-55
1313
756
1321
-1442
2646
982
-2519
1144
2196
-778
-1871
-839
2535
-550
2173
1466
-2956
659
-708
-561
2253
-976
-846
2510
1745
-351
-1814
-687
1474
1022
-832
-982
-2213
905
2958
-1609
1202
625
-523
1414
314
-1176
2334
-1126
-2628
-841
2833
1070
-1513
1297
-1482
-823
2773
-730
-1237
-332
2192
-1015
102
-520
2213
-1373
1802
1099
-2473
-375
-1457
-1076
2023
2972
-1939
-819
-1997
432
2505
593
1725
-1969
-508
-2858
2222
-1714
-1936
-1100
-1813
-640
1413
-2026
-730
2170
-2765
-2167
-1289
-1240
-2104
1667
-1715
-2450
-2860
-1306
-305
624
1019
-875
-424
694
1658
-698
2371
1466
1678
1593
2851
-1516
-1982
1464
119
2152
-200
-2913
-1940
-1074
10
1757
-830
-685
576
-2773
-2957
1758
-1836
2109
-1118
2086
2565
487
2577
-526
-375
-1373
2629
-1072
-1577
1520
-2098
-38
-2877
-2404
737
-1739
1195
-475
-1736
-740
-2798
-884
2030
-674
2011
-2229
-2589
-1453
153
520
2790
-76
-2812
763
1940
-149
-2338
-1171
-2100
2713
-2042
2578
-635
-1993
2477
-1800
-942
-2561
-697
-2240
-1643
-676
-2523
2108
113
-113
-1199
1850
-540
1428
-2007
384
-1595
-2460
-1889
1704
-2165
-644
-2928
2350
-2177
-515
-444
2216
-1374
357
-474
-1643
2337
2271
2869
2361
-2104
-1978
2617
1112
-2283
-2304
2585
-2959
-2577
-2871
-2771
1565
-2441
-68
1296
2855
-2947
1962
584
2734
-2346
1972
457
-631
1532
-37
-393
-517
-2089
2635
1067
1848
1675
-2062
-777
1142
2754
-2489
1741
-825
459
2825
221
2870
-1374
-1066
205
-1217
2850
2398
1279
1701
-2807
-2266
-1363
-466
2556
-1007
1176
-1295
-2038
1548
881
-2700
-587
1641
-1145
-2145
-1858
2462
611
-2123
-576
-322
-1248
-2557
1296
-2327
1040
313
-2125
-928
-2182
-2390
-1983
-68
1112
-2305
-1831
2831
-960
-512
1685
-1910
-1503
-411
-1010
145
-1647
-1686
-2349
-260
1044
2258
-2665
-241
2192
-1395
-1736
-2819
1503
829
2775
-392
2292
2997
2549
2556
-1439
-1373
-2533
2541
-871
-1760
813
2174
-399
-2923
-785
-317
-787
2992
-1176
2601
2392
759
-330
-572
1027
1084
1075
-2214
498
-2030
-2713
2847
-396
-2497
221
1663
2706
-637
10
1171
489
-2760
-2836
-1458
-1381
-87
-1409
-2296
-1182
232
-2250
-1795
1975
-1461
-2697
2422
98
2247
-1416
-1352
-29
2864
1913
2075
545
1712
2546
-2322
-1231
262
-481
-1015
1289
944
-135
-2460
2245
-1492
1318
870
601
1323
132
-2528
152
-1913
1570
2763
2901
2103
-577
527
2600
-31
-985
2565
-2972
543
-1653
-912
-57
-2363
1409
-537
2049
1681
-1412
2342
-2392
-940
221
-1242
2954
-112
-854
-2310
-1051
-2157
430
-1380
-2252
67
1536
-217
-2965
-774
185
-1962
853
-1371
2224
748
-1077
359
-743
-2234
1944
-45
2318
-274
-1589
25
-645
-1999
1549
496
-2416
515
2964
2342
-925
2913
1142
-1804
948
-1928
-574
-394
-827
-2571
-596
-2295
-374
2812
-1625
-2907
1565
1036
-264
2141
-2186
2994
-744
-2348
2936
-2162
-518
-1645
15
-1869
-2770
2841
-375
-989
-363
1186
-1310
-1350
2662
634
1893
1353
416
-1548
-992
-1738
1233
2454
1303
1634
-697
-744
-2852
2124
-2683
1213
109
-2972
2200
80
318
1858
-2950
-2845
-1639
264
2903
676
2643
-91
-98
561
1489
-2052
-1718
-1347
-2326
-780
2402
-2077
831
-1631
878
-741
-1992
1619
2971
-2997
945
781
-496
-2608
-315
-1687
-2302
2589
-2278
2938
-1963
-2590
-1539
-2766
-2492
961
959
-2507
-1485
-1731
-2063
1869
-2942
-300
-1029
-736
117
1215
-2445
-1185
-2670
39
-2788
2288
1082
-1046
1085
-290
-2516
-2226
-620
2815
-1049
-2459
-2885
-1321
2110
-1102
2073
-2212
2977
-2868
2956
1689
-887
1008
-2059
790
-1277
363
-2972
-1816
-2222
-1800
2071
-1115
974
-1929
2333
1867
-847
-705
-832
-175
676
629
1650
-402
309
1693
1686
-2920
1116
-2751
-333
-1472
-321
-1136
2421
-595
-174
-2184
-1484
726
1666
2087
681
-1036
-1660
2686
-2979
2662
-279
-2936
2309
-585
2902
2873
2124
2941
-255
-1238
1423
531
1806
-2732
318
2602
-1093
-2693
2481
-1988
136
-370
-2886
-191
1084
2556
-2710
293
2996
2152
-1946
-1655
-292
-2752
-1509
-1288
2131
-2886
1439
-1042
-2278
2704
-2005
-1948
-1731
-1521
-2762
-577
918
1866
2659
-502
1486
196
-1538
-367
-2842
-2978
-1854
-2608
-1963
925
1647
2458
-2398
-2193
1098
830
2292
-400
-1722
-201
-2648
-552
-1118
-2460
1315
1575
-238
567
1336
-2603
-1582
-1103
-1172
-1149
-184
-2770
1449
1925
-2342
-2771
-2480
1940
2560
147
-1838
-1345
-325
-2208
1361
-1246
1398
2146
-286
-54
188
-1431
-362
663
75
-2485
2521
-2525
615
-472
-1766
-2430
-2095
464
-1443
1962
-839
-2476
-2451
2469
-2670
-1077
1350
-667
1925
1910
-1263
1336
-2663
-1722
-2607
-1364
-2286
1164
-1409
-1051
-1865
-495
-1663
1004
1337
-377
1664
970
-1392
-2432
-1719
-1915
152
-2627
1652
-806
876
2826
1396
-1428
-2751
-360
2174
-2181
-2057
-389
-1059
-711
-581
2565
805
-1415
1216
-1550
-1385
-391
2064
166
1893
1074
-1491
-2700
-1305
573
589
-1839
-1828
2968
358
-969
-732
-1574
1510
1422
-2226
-221
-2090
2552
1182
-1609
495
2764
-2126
-1636
-98
1255
1460
-2526
-2028
-179
-878
-1453
577
789
-1395
-2805
594
-1050
1343
-2246
-519
-1988
2672
2439
-1572
2912
762
2967
-2592
1415
-1092
2223
2759
-566
2204
2486
1319
-2042
2945
-194
-834
-2300
2367
2692
787
1532
-2444
-2026
447
2021
-2717
-778
2331
-624
1583
-52
-2277
2982
1018
-224
220
-1889
-818
2856
-1510
-75
1324
-2514
-1323
969
2643
-1466
677
1668
-1932
991
-804
-1217
1828
-1273
2426
871
1697
2612
-2297
2027
2408
2545
508
-1815
-2762
-2763
-557
313
1501
-150
-1872
-889
2650
1149
2192
-1546
869
-2319
465
-733
2713
-1207
-2366
-1528
-28
1830
-2099
1442
2177
-1123
-1230
-2298
-636
-1619
1590
-177
-763
-977
-821
1595
-831
-673
-2958
-1690
1182
2058
-1074
487
-1330
-472
2651
-742
-1787
860
-1217
286
-258
-390
1472
-1872
-2566
2841
-282
503
-133
-2135
1938
-1119
257
1750
1614
-2402
1458
-339
-937
-244
-193
-722
-1511
-1565
-2635
-925
-1414
-1614
-1167
-640
-1670
-952
-72
2492
-2567
2840
-2234
-1265
-1190
2599
2837
892
-1018
-1672
2352
2369
-1756
794
-2392
252
2647
2432
535
-1792
264
497
2243
649
1015
-159
-2811
1100
-1188
-2352
523
-1149
-2526
1633
2891
200
-1146
990
-1303
1919
2780
1578
-2069
-456
340
-1513
-2101
1525
-517
2538
-1508
-2807
1252
-1989
-1440
834
-1160
-1503
-215
-2471
-1460
-2195
1791
-1608
-1790
-1451
578
-21
-2029
277
-2927
-807
-1380
497
-1174
-1724
-1210
-2418
-1422
2159
-582
-511
-2841
449
-2076
72
1380
8
967
1208
-2523
-2497
370
-393
-804
-2926
-1278
-2389
-1981
1761
2056
-2110
-1837
1683
-1284
-1068
-1548
-259
1954
-2187
-138
1396
460
-385
1904
-401
-864
1680
198
32
-613
-416
-1760
517
2006
-330
-2759
-2118
-1751
523
-1242
-2895
2621
2095
-1704
916
678
1178
-1421
-1942
577
-2250
-993
2729
-2919
-5
-322
-2324
753
-101
2784
565
93
-1392
-2828
2243
2929
-1486
1168
2055
2191
2973
-78
-2252
2651
1986
-856
1446
-1423
-483
-371
2916
2874
791
469
1912
-854
-2307
91
815
-51
-143
-360
-948
-2764
-449
487
-1774
1162
1955
2183
-606
-2820
1097
65
65
-487
261
-2422
78
1878
-860
1611
-1053
-555
-2830
2975
-1511
-2250
-2851
333
-1135
1214
2282
7
432
-104
1367
1522
1882
-1190
2641
-1769
-813
-2295
-2521
-2679
-2462
-1649
-1553
-2792
646
1276
-1241
-2811
-2578
666
-514
455
-972
2614
1860
2253
2777
-1652
-2497
1861
1431
2082
-2545
-803
1106
-248
821
2296
-719
-979
-2545
947
124
-2682
135
2376
-1226
2859
-2002
-2926
253
-2078
1635
-1357
1888
-847
-1768
1747
1680
-1074
-1322
-2550
-199
-2039
-801
-145
-637
2716
1573
-1439
2245
-2527
1274
-1450
-2647
-1819
1287
-301
-2890
-2357
2465
-1828
-471
981
-888
-1524
1381
-753
-110
1671
-195
-628
-2968
989
320
2165
431
658
2293
2206
-422
1948
-794
171
-2834
396
1697
-1980
2694
529
-212
-2891
2984
2969
1978
617
1015
1626
684
168
2906
-1072
-2903
1118
-2610
199
2785
-514
-1801
-2580
-290
-2729
813
415
-2915
-2682
580
-1669
-1733
-613
-1556
2186
-493
1360
2827
1074
-569
-1848
-2729
1268
1693
-1115
-2663
-1689
2604
-2323
-2594
-1232
2022
-1587
2000
-2458
2537
-2962
388
-1645
-1711
-1353
181
-1907
1584
1987
1761
-507
-783
501
2482
2447
665
1753
1104
84
-1905
-1475
-2779
964
781
1872
-894
656
343
1593
80
1080
-132
411
-1287
-32
251
216
-2921
1768
2040
-1469
-2067
2779
-337
-2741
-347
936
-905
-2635
2874
-1280
-165
-1320
-24
-2545
2725
1071
-2192
-1441
156
2602
2832
-1095
1440
-1625
562
1885
962
80
-1164
1797
-1798
1508
1080
2340
-2924
58
-1507
-1260
-454
-526
-2227
-1903
-120
2335
2072
2400
-2293
1955
-334
1141
2588
-2519
2168
1315
-1604
1225
-1991
1012
-2864
2455
-2238
-1957
-2258
-2979
2922
-2488
248
-982
368
2717
714
2650
-1710
335
-2241
169
895
2303
1640
979
-2801
2105
-2209
-2339
-319
652
-247
-2967
-971
987
-1958
-747
-917
2420
814
-282
-2756
-1937
-1771
-348
-2136
1769
-2530
5
47
-1406
487
-2674
276
323
-2460
-1321
2990
-412
-2290
2271
2945
2221
1470
-817
2589
2955
1978
-2221
2006
-1738
-865
2487
196
2033
-912
-2065
-1221
993
-210
-2038
-2035
2001
-1895
2807
-2433
-331
134
-329
-1543
-2002
545
-1403
-782
-162
-156
-1628
-437
28
2264
1801
-277
-1510
-1396
-1399
-2773
2197
2692
-1229
-637
2301
1363
-1279
565
2421
2445
-2390
-2505
1741
22
-1188
2151
2015
-945
393
-262
279
-1118
-1392
-2346
822
-293
-2755
-1662
-2856
1290
-1661
2154
-2396
1623
1225
-922
724
-1019
-670
2733
1223
-406
2130
-2154
1987
2445
-2195
-384
2750
-511
338
963
1135
-303
-791
630
2224
-1092
-263
-2526
-1080
372
1293
855
-2266
561
-1944
606
-816
-1925
1382
-881
-2259
-2568
-2316
-2221
-2721
-2717
-333
-2164
-2875
-2882
-2263
-2972
-881
-423
1737
-909
-444
1795
1060
901
-207
432
-864
1580
-125
2907
184
1074
-281
-210
-524
-2959
351
-671
1290
1974
2072
591
-2811
787
-1510
239
-107
53
2063
1681
-1097
5
-2824
-2521
-1305
-2861
-532
-1002
83
2639
2515
621
2993
826
722
2838
-2172
-2419
-2601
-22
2891
-1977
-57
-2166
-757
-1651
-298
-293
-498
-1859
1687
-654
891
-2363
-2587
2400
1816
-1310
-1838
-65
2126
-1590
-1123
2382
-740
189
-295
-1126
-337
-278
-805
1566
1360
-2962
-2412
-1189
1245
467
-575
-133
-1811
1542
-1937
547
-2498
2617
99
-1977
2226
-1797
-2952
51
-1430
-364
458
-1033
-544
405
2531
2962
-181
-1025
1556
-1469
-1505
-956
-2409
-197
388
-2085
-1550
-2681
-2728
-1209
2383
1133
-1225
-2358
2569
-2700
2954
-2922
585
-743
-1667
-2107
1490
1103
1750
2233
1722
-2729
-1389
-2010
-2662
641
2258
-1953
-648
658
-2521
-1698
-317
-2010
1002
568
1422
1895
-2865
-2992
-2639
1742
1194
2699
2188
-822
1042
-1643
2941
-1153
-1531
1345
1380
-1087
-36
-1290
-939
-1615
-927
504
462
-297
1102
2069
2154
529
-1448
-926
-1851
730
-756
1844
-1951
-882
-2935
-637
-1448
1773
-2530
2731
-2253
-1489
2869
-602
1498
-1897
352
-1321
1053
-1957
-478
-1912
-1437
-1166
850
2022
-1760
911
492
2651
1580
477
616
2876
-1822
2220
-385
1348
-202
-821
-1365
1857
-117
-1338
-2098
1262
-1580
-1230
-1978
273
-1159
-2314
1888
917
-1283
-1108
-1302
2267
2749
-2935
1389
-2068
-1381
1081
-997
2130
-1972
-2369
-411
2152
-2370
-1828
-1136
-2593
-2705
-1572
2681
-2510
-390
-823
-1929
-1764
-2541
-357
1840
633
37
2893
1630
-726
-2007
1782
-797
2461
-710
-1338
1307
-3
-1849
-2577
-110
1717
-2360
1703
2566
1883
2661
1659
-2755
-614
-349
-235
-1399
1840
2209
-1503
283
2250
-2942
-579
-2825
-2419
-213
271
1287
999
-2496
-2021
-862
1700
-2470
-539
-2882
-2795
-1460
-2172
-2541
2622
-602
760
98
-2065
1481
-2386
-1433
-2507
1596
-1839
-1254
1538
-1330
-462
476
555
-2083
1371
1760
2752
-1242
433
-745
2065
-2274
-599
34
-2241
1393
-2452
273
-2208
1193
-2067
-2863
2103
690
1211
-1306
-2332
-373
-1502
-2011
248
879
2647
2149
-2069
-2331
-2125
-1402
-1551
-1564
-2401
-877
-1557
-1269
-2846
1861
1434
385
2967
1816
2393
1704
2866
-2047
-2692
1223
-2316
-2208
1667
1048
-531
-1070
-2189
-1186
1090
2427
2743
-1396
1599
1474
-1805
-2494
2158
2589
858
809
2889
2447
-2960
818
364
2975
-2974
-1911
-497
-2934
-588
-2160
-2430
-324
-1605
1641
2986
2651
109
-813
-917
85
2390
-1750
-2314
1755
2381
1128
-1498
-2723
-2138
-576
565
872
-2168
-2115
-572
-2354
-111
-2522
1883
-2075
265
-1740
2045
-222
2821
-1145
-480
-2073
-2227
-1866
251
1675
-1664
1334
1
-263
310
2974
-1410
-644
-1929
-920
1935
-855
2282
-1175
-2282
-1427
1712
-1963
1998
905
-1838
-1283
-308
-1461
1047
1946
-1897
-2769
-2885
-2161
-1142
-171
-355
394
2199
-1355
-728
-2325
862
-928
-1227
-520
2238
-103
542
2608
-1797
2277
-2875
-866
-1599
78
-2618
-831
-264
478
2939
138
-2279
-1574
1663
-1323
575
-2276
-1019
700
-1039
1862
1002
-2552
-1905
-2316
-2984
137
507
-1007
284
-56
-2741
-2179
-1942
-2357
2668
1677
-2881
2857
2041
-109
-1736
-1377
-2085
-928
2929
-2159
1715
2615
-2464
-43
759
-2300
-1548
2093
-2759
2829
-2552
2227
2798
1224
1324
-2726
-2867
1885
38
-2830
-2138
-371
2084
2909
-122
-2077
85
2400
2024
-807
2105
412
765
2767
407
1677
-1216
-2296
-210
834
1891
-2379
-2915
734
-1810
-458
2998
1086
-982
621
-2576
1597
376
-2746
2669
-2892
-2073
-2507
-932
-2634
102
-562
-2400
1819
-682
-710
-16
1339
-444
-1192
1632
478
-186
-1213
-1761
1074
-1980
1827
-446
-1012
-1559
1798
-1358
-1998
1321
-2896
-1054
-1944
-2491
2833
2708
-1239
-2467
-314
-196
-615
1142
-2158
2260
1161
-1380
1343
578
-1813
-2887
-1937
1591
2934
-585
-2344
2761
-1988
1411
2959
1251
-2262
-1630
-876
2507
-993
2584
1951
2101
-511
-2042
441
-1210
2013
-2588
-145
60
-1907
-528
-1598
-324
-1457
-1627
-2734
651
275
528
-2468
1761
2469
-497
-271
2107
892
-549
2953
1392
1570
-1481
-1528
2407
1494
505
1440
-617
-738
409
1607
-2962
1360
2471
2171
-346
2947
2514
-477
229
-2511
-2234
2887
2756
-368
-1530
-1261
-334
-478
-1717
-840
2553
-2295
91
-1741
-1614
-1313
1629
-2958
1317
1045
-2644
-1612
-1548
154
-2534
2833
760
-81
-1369
-2262
267
-1224
98
-2686
1320
-1947
-2993
1469
-2784
722
-1158
2007
463
-740
-2053
-1207
1630
-2283
2043
-1624
-1686
1626
2117
-1666
-380
-829
-208
-36
-1846
-2134
-307
-2336
2775
-2000
-2788
100
-1449
-1524
-2621
1943
2877
789
-2639
2385
-728
2434
144
2561
-1437
-496
-2054
2888
-692
-2843
-1570
2123
-2536
1074
1346
-1163
-1019
-1682
-389
1292
2591
832
123
-2539
1991
-1539
330
1498
2369
2291
-600
-821
-2883
-683
-1086
-1405
-1559
2936
867
-1972
-1547
909
-1027
2981
2503
-431
-2184
-1117
-1633
2385
1402
2230
2157
1681
567
-690
-1134
687
-1829
477
-1755
-236
-2762
671
-953
-885
1592
311
-343
-1595
-2947
-1829
-420
1740
1530
-1325
-2680
-1210
-1623
1998
1586
604
1489
-1369
2744
-612
-390
-2282
-81
-2741
2927
-391
1119
479
1716
-2700
396
1853
2458
-170
-2407
-2194
2849
-146
-2728
-840
-2706
-2946
-667
-2854
1229
1471
1428
1559
1241
2421
1688
1366
-2967
-315
-730
-1671
-739
